# Energies_eV	Co-foil-5mu_final_NoF006
6687.82	0.45111
6688.82	0.42643
6689.82	0.42415
6690.82	0.42864
6691.82	0.42654
6692.82	0.41553
6693.82	0.41414
6694.82	0.41713
6695.82	0.41491
6696.82	0.41753
6697.82	0.41104
6698.82	0.41663
6699.82	0.41872
6700.82	0.41682
6701.82	0.41642
6702.82	0.41656
6703.82	0.42023
6704.82	0.4193
6705.82	0.42041
6706.82	0.41937
6707.82	0.42177
6708.82	0.42132
6709.82	0.41901
6710.82	0.41959
6711.82	0.4186
6712.82	0.4215
6713.82	0.42719
6714.82	0.42501
6715.82	0.42402
6716.82	0.42047
6717.82	0.42138
6718.82	0.42183
6719.82	0.42126
6720.82	0.42116
6721.82	0.4211
6722.82	0.42112
6723.82	0.41603
6724.82	0.41592
6725.82	0.41994
6726.82	0.42398
6727.82	0.42186
6728.82	0.42011
6729.82	0.41866
6730.82	0.41922
6731.82	0.42121
6732.82	0.42487
6733.82	0.42254
6734.82	0.42231
6735.82	0.4189
6736.82	0.42037
6737.82	0.42221
6738.82	0.42391
6739.82	0.421
6740.82	0.42221
6741.82	0.41891
6742.82	0.42182
6743.82	0.42487
6744.82	0.4251
6745.82	0.42024
6746.82	0.42119
6747.82	0.42069
6748.82	0.42027
6749.82	0.41814
6750.82	0.41806
6751.82	0.41773
6752.82	0.41659
6753.82	0.4207
6754.82	0.42128
6755.82	0.42116
6756.82	0.42299
6757.82	0.42044
6758.82	0.42161
6759.82	0.42183
6760.82	0.41722
6761.82	0.41772
6762.82	0.42507
6763.82	0.42563
6764.82	0.42228
6765.82	0.41726
6766.82	0.41656
6767.82	0.41879
6768.82	0.42233
6769.82	0.41973
6770.82	0.41408
6771.82	0.41778
6772.82	0.41978
6773.82	0.41925
6774.82	0.41724
6775.82	0.4153
6776.82	0.42129
6777.82	0.42427
6778.82	0.42455
6779.82	0.42096
6780.82	0.41773
6781.82	0.41819
6782.82	0.4163
6783.82	0.41405
6784.82	0.41762
6785.82	0.41889
6786.82	0.41931
6787.82	0.41918
6788.82	0.4172
6789.82	0.42242
6790.82	0.41905
6791.82	0.41929
6792.82	0.41968
6793.82	0.41907
6794.82	0.42311
6795.82	0.42273
6796.82	0.41832
6797.82	0.41885
6798.82	0.41839
6799.82	0.41889
6800.82	0.4183
6801.82	0.41534
6802.82	0.41483
6803.82	0.41722
6804.82	0.41798
6805.82	0.42016
6806.82	0.41888
6807.82	0.41556
6808.82	0.41565
6809.82	0.41785
6810.82	0.41856
6811.82	0.41982
6812.82	0.41846
6813.82	0.41616
6814.82	0.41417
6815.82	0.41524
6816.82	0.41687
6817.82	0.41722
6818.82	0.41458
6819.82	0.41462
6820.82	0.41838
6821.82	0.41439
6822.82	0.41411
6823.82	0.41788
6824.82	0.41444
6825.82	0.41213
6826.82	0.41838
6827.82	0.41631
6828.82	0.41453
6829.82	0.41622
6830.82	0.41606
6831.82	0.41867
6832.82	0.41502
6833.82	0.41619
6834.82	0.41865
6835.82	0.41811
6836.82	0.41942
6837.82	0.41501
6838.82	0.41843
6839.82	0.41608
6840.82	0.41506
6841.82	0.41558
6842.82	0.41655
6843.82	0.41479
6844.82	0.41193
6845.82	0.41238
6846.82	0.41344
6847.82	0.4119
6848.82	0.41178
6849.82	0.40958
6850.82	0.40681
6851.82	0.40879
6852.82	0.40851
6853.82	0.41031
6854.82	0.41221
6855.82	0.40905
6856.82	0.40902
6857.82	0.40926
6858.82	0.41486
6859.82	0.41278
6860.82	0.41028
6861.82	0.41167
6862.82	0.41282
6863.82	0.41146
6864.82	0.40994
6865.82	0.40944
6866.82	0.41207
6867.82	0.41312
6868.82	0.4111
6869.82	0.4123
6870.82	0.41285
6871.82	0.41323
6872.82	0.41241
6873.82	0.41211
6874.82	0.41072
6875.82	0.40805
6876.82	0.41021
6877.82	0.41027
6878.82	0.4103
6879.82	0.4059
6880.82	0.40856
6881.82	0.41265
6882.82	0.40577
6883.82	0.40344
6884.82	0.40716
6885.82	0.41026
6886.82	0.40712
6887.82	0.40592
6888.82	0.40662
6889.82	0.40741
6890.82	0.40474
6891.82	0.4054
6892.82	0.40949
6893.82	0.4061
6894.82	0.40194
6895.82	0.40452
6896.82	0.40909
6897.82	0.40714
6898.82	0.40678
6899.82	0.40686
6900.82	0.40512
6901.82	0.40349
6902.82	0.40208
6903.82	0.404
6904.82	0.40502
6905.82	0.4048
6906.82	0.40783
6907.82	0.40415
6908.82	0.4032
6909.82	0.40508
6910.82	0.4084
6911.82	0.40286
6912.82	0.4031
6913.82	0.40552
6914.82	0.40378
6915.82	0.4016
6916.82	0.40098
6917.82	0.40229
6918.82	0.40212
6919.82	0.39815
6920.82	0.3996
6921.82	0.40017
6922.82	0.40122
6923.82	0.40359
6924.82	0.40222
6925.82	0.39953
6926.82	0.40004
6927.82	0.3997
6928.82	0.39871
6929.82	0.3992
6930.82	0.40102
6931.82	0.40073
6932.82	0.39934
6933.82	0.39898
6934.82	0.40217
6935.82	0.39851
6936.82	0.39809
6937.82	0.40132
6938.82	0.40216
6939.82	0.39978
6940.82	0.40253
6941.82	0.40326
6942.82	0.40085
6943.82	0.39947
6944.82	0.40001
6945.82	0.39942
6946.82	0.40014
6947.82	0.39742
6948.82	0.39838
6949.82	0.40027
6950.82	0.39644
6951.82	0.39773
6952.82	0.39437
6953.82	0.39463
6954.82	0.39997
6955.82	0.39858
6956.82	0.3985
6957.82	0.39629
6958.82	0.39656
6959.82	0.39362
6960.82	0.39543
6961.82	0.39531
6962.82	0.39717
6963.82	0.3972
6964.82	0.39489
6965.82	0.39272
6966.82	0.39728
6967.82	0.39945
6968.82	0.40055
6969.82	0.3978
6970.82	0.39458
6971.82	0.39645
6972.82	0.3973
6973.82	0.39904
6974.82	0.39749
6975.82	0.39554
6976.82	0.39481
6977.82	0.39136
6978.82	0.39579
6979.82	0.39945
6980.82	0.39927
6981.82	0.39779
6982.82	0.39462
6983.82	0.39871
6984.82	0.39946
6985.82	0.39718
6986.82	0.3982
6987.82	0.40001
6988.82	0.39585
6989.82	0.3967
6990.82	0.39733
6991.82	0.39755
6992.82	0.3967
6993.82	0.39705
6994.82	0.39693
6995.82	0.3953
6996.82	0.39509
6997.82	0.39447
6998.82	0.39463
6999.82	0.39526
7000.82	0.39241
7001.82	0.39273
7002.82	0.39232
7003.82	0.39479
7004.82	0.39657
7005.82	0.39497
7006.82	0.39248
7007.82	0.39127
7008.82	0.39154
7009.82	0.39319
7010.82	0.39267
7011.82	0.39246
7012.82	0.39393
7013.82	0.39335
7014.82	0.39451
7015.82	0.39285
7016.82	0.38821
7017.82	0.38725
7018.82	0.39023
7019.82	0.39065
7020.82	0.39172
7021.82	0.39096
7022.82	0.39069
7023.82	0.38782
7024.82	0.38523
7025.82	0.38805
7026.82	0.38934
7027.82	0.3877
7028.82	0.38911
7029.82	0.3913
7030.82	0.38751
7031.82	0.38992
7032.82	0.39016
7033.82	0.39077
7034.82	0.3898
7035.82	0.38588
7036.82	0.38931
7037.82	0.39074
7038.82	0.38903
7039.82	0.3866
7040.82	0.38854
7041.82	0.38958
7042.82	0.3861
7043.82	0.38664
7044.82	0.38662
7045.82	0.38946
7046.82	0.38867
7047.82	0.38714
7048.82	0.38806
7049.82	0.38718
7050.82	0.38653
7051.82	0.38564
7052.82	0.38643
7053.82	0.38651
7054.82	0.3884
7055.82	0.38901
7056.82	0.38791
7057.82	0.38672
7058.82	0.38443
7059.82	0.38352
7060.82	0.3835
7061.82	0.38435
7062.82	0.38527
7063.82	0.38658
7064.82	0.38826
7065.82	0.38566
7066.82	0.38144
7067.82	0.38073
7068.82	0.38472
7069.82	0.38596
7070.82	0.3852
7071.82	0.38309
7072.82	0.38009
7073.82	0.3833
7074.82	0.38603
7075.82	0.38272
7076.82	0.37496
7077.82	0.37829
7078.82	0.38416
7079.82	0.3813
7080.82	0.38287
7081.82	0.38259
7082.82	0.3812
7083.82	0.38123
7084.82	0.38188
7085.82	0.38208
7086.82	0.38215
7087.82	0.38273
7088.82	0.38103
7089.82	0.38199
7090.82	0.37991
7091.82	0.37886
7092.82	0.37988
7093.82	0.38111
7094.82	0.38093
7095.82	0.3769
7096.82	0.37683
7097.82	0.37735
7098.82	0.37564
7099.82	0.37714
7100.82	0.37988
7101.82	0.37882
7102.82	0.37921
7103.82	0.37786
7104.82	0.37897
7105.82	0.37861
7106.82	0.37749
7107.82	0.37765
7108.82	0.37642
7109.82	0.37681
7110.82	0.37683
7111.82	0.37355
7112.82	0.37354
7113.82	0.37679
7114.82	0.37781
7115.82	0.3785
7116.82	0.37746
7117.82	0.37633
7118.82	0.37554
7119.82	0.37549
7120.82	0.37627
7121.82	0.37643
7122.82	0.37801
7123.82	0.37738
7124.82	0.37528
7125.82	0.37595
7126.82	0.37578
7127.82	0.37308
7128.82	0.37276
7129.82	0.37417
7130.82	0.37713
7131.82	0.37393
7132.82	0.37383
7133.82	0.37337
7134.82	0.37213
7135.82	0.37163
7136.82	0.37167
7137.82	0.37334
7138.82	0.37153
7139.82	0.37276
7140.82	0.37224
7141.82	0.37036
7142.82	0.37426
7143.82	0.3756
7144.82	0.37453
7145.82	0.37358
7146.82	0.37103
7147.82	0.36785
7148.82	0.3693
7149.82	0.37045
7150.82	0.36851
7151.82	0.37086
7152.82	0.36994
7153.82	0.36962
7154.82	0.36986
7155.82	0.36933
7156.82	0.37104
7157.82	0.36979
7158.82	0.36809
7159.82	0.36952
7160.82	0.36896
7161.82	0.36968
7162.82	0.37164
7163.82	0.36916
7164.82	0.36848
7165.82	0.3683
7166.82	0.36564
7167.82	0.36716
7168.82	0.36779
7169.82	0.36676
7170.82	0.36699
7171.82	0.36762
7172.82	0.36911
7173.82	0.37214
7174.82	0.36911
7175.82	0.36489
7176.82	0.36476
7177.82	0.36836
7178.82	0.3696
7179.82	0.36959
7180.82	0.36861
7181.82	0.3666
7182.82	0.36471
7183.82	0.36546
7184.82	0.36926
7185.82	0.36814
7186.82	0.36464
7187.82	0.36457
7188.82	0.36531
7189.82	0.36697
7190.82	0.364
7191.82	0.36559
7192.82	0.36681
7193.82	0.36495
7194.82	0.36285
7195.82	0.36265
7196.82	0.36127
7197.82	0.36129
7198.82	0.36269
7199.82	0.36121
7200.82	0.36388
7201.82	0.36343
7202.82	0.36455
7203.82	0.36716
7204.82	0.36495
7205.82	0.36173
7206.82	0.36238
7207.82	0.36388
7208.82	0.36352
7209.82	0.36171
7210.82	0.35968
7211.82	0.35953
7212.82	0.36074
7213.82	0.35983
7214.82	0.3611
7215.82	0.36489
7216.82	0.36458
7217.82	0.36081
7218.82	0.36137
7219.82	0.36027
7220.82	0.35858
7221.82	0.35822
7222.82	0.36107
7223.82	0.36116
7224.82	0.35665
7225.82	0.35883
7226.82	0.36177
7227.82	0.36186
7228.82	0.36026
7229.82	0.35954
7230.82	0.35959
7231.82	0.36266
7232.82	0.3611
7233.82	0.3575
7234.82	0.35733
7235.82	0.35689
7236.82	0.35638
7237.82	0.35888
7238.82	0.35917
7239.82	0.35921
7240.82	0.35847
7241.82	0.35934
7242.82	0.35732
7243.82	0.35584
7244.82	0.35529
7245.82	0.35481
7246.82	0.358
7247.82	0.35773
7248.82	0.35549
7249.82	0.3557
7250.82	0.3574
7251.82	0.35603
7252.82	0.35518
7253.82	0.35379
7254.82	0.35399
7255.82	0.35605
7256.82	0.35652
7257.82	0.35467
7258.82	0.35317
7259.82	0.35243
7260.82	0.35344
7261.82	0.35321
7262.82	0.35172
7263.82	0.35279
7264.82	0.35461
7265.82	0.35366
7266.82	0.35235
7267.82	0.35235
7268.82	0.35351
7269.82	0.35272
7270.82	0.35296
7271.82	0.35227
7272.82	0.35093
7273.82	0.35356
7274.82	0.35453
7275.82	0.35315
7276.82	0.35219
7277.82	0.3511
7278.82	0.35079
7279.82	0.35011
7280.82	0.34997
7281.82	0.35039
7282.82	0.34935
7283.82	0.34884
7284.82	0.35053
7285.82	0.34921
7286.82	0.34817
7287.82	0.35009
7288.82	0.35023
7289.82	0.3509
7290.82	0.34983
7291.82	0.34879
7292.82	0.34815
7293.82	0.34922
7294.82	0.35147
7295.82	0.34937
7296.82	0.34717
7297.82	0.34836
7298.82	0.34867
7299.82	0.34687
7300.82	0.34609
7301.82	0.34663
7302.82	0.34633
7303.82	0.34798
7304.82	0.34779
7305.82	0.34524
7306.82	0.34506
7307.82	0.34628
7308.82	0.34589
7309.82	0.346
7310.82	0.34597
7311.82	0.34764
7312.82	0.34684
7313.82	0.34444
7314.82	0.34559
7315.82	0.34552
7316.82	0.3452
7317.82	0.34619
7318.82	0.34559
7319.82	0.34345
7320.82	0.34371
7321.82	0.34313
7322.82	0.34554
7323.82	0.34583
7324.82	0.34479
7325.82	0.34455
7326.82	0.34349
7327.82	0.3428
7328.82	0.34481
7329.82	0.34485
7330.82	0.34292
7331.82	0.34136
7332.82	0.34159
7333.82	0.343
7334.82	0.34374
7335.82	0.34385
7336.82	0.34251
7337.82	0.34096
7338.82	0.34251
7339.82	0.34106
7340.82	0.33914
7341.82	0.33863
7342.82	0.33869
7343.82	0.34049
7344.82	0.34071
7345.82	0.3387
7346.82	0.33915
7347.82	0.33925
7348.82	0.33946
7349.82	0.34023
7350.82	0.34015
7351.82	0.33948
7352.82	0.33882
7353.82	0.34028
7354.82	0.33888
7355.82	0.33604
7356.82	0.33705
7357.82	0.33821
7358.82	0.33838
7359.82	0.33696
7360.82	0.33695
7361.82	0.33716
7362.82	0.33751
7363.82	0.33774
7364.82	0.33658
7365.82	0.33663
7366.82	0.33601
7367.82	0.33645
7368.82	0.33592
7369.82	0.33442
7370.82	0.33469
7371.82	0.33646
7372.82	0.33501
7373.82	0.33463
7374.82	0.3371
7375.82	0.33651
7376.82	0.33481
7377.82	0.33409
7378.82	0.33363
7379.82	0.33358
7380.82	0.33372
7381.82	0.33435
7382.82	0.33401
7383.82	0.33375
7384.82	0.33256
7385.82	0.33142
7386.82	0.33238
7387.82	0.33328
7388.82	0.33383
7389.82	0.33398
7390.82	0.33335
7391.82	0.33252
7392.82	0.33254
7393.82	0.33331
7394.82	0.33262
7395.82	0.33081
7396.82	0.33226
7397.82	0.33293
7398.82	0.33364
7399.82	0.33215
7400.82	0.32936
7401.82	0.3296
7402.82	0.32846
7403.82	0.32849
7404.82	0.32847
7405.82	0.32929
7406.82	0.3302
7407.82	0.33152
7408.82	0.33082
7409.82	0.32924
7410.82	0.32958
7411.82	0.32942
7412.82	0.32996
7413.82	0.33047
7414.82	0.32938
7415.82	0.32983
7416.82	0.32896
7417.82	0.32901
7418.82	0.32868
7419.82	0.32862
7420.82	0.32771
7421.82	0.32738
7422.82	0.32633
7423.82	0.32582
7424.82	0.32754
7425.82	0.32805
7426.82	0.32896
7427.82	0.3286
7428.82	0.32752
7429.82	0.32654
7430.82	0.32575
7431.82	0.32567
7432.82	0.32471
7433.82	0.32367
7434.82	0.32494
7435.82	0.32534
7436.82	0.32463
7437.82	0.32411
7438.82	0.32491
7439.82	0.32573
7440.82	0.32443
7441.82	0.32381
7442.82	0.3245
7443.82	0.32439
7444.82	0.32287
7445.82	0.32239
7446.82	0.32226
7447.82	0.32111
7448.82	0.31921
7449.82	0.31879
7450.82	0.31861
7451.82	0.31961
7452.82	0.32197
7453.82	0.32549
7454.82	0.32561
7455.82	0.32287
7456.82	0.32022
7457.82	0.32055
7458.82	0.32063
7459.82	0.31949
7460.82	0.31774
7461.82	0.31707
7462.82	0.31648
7463.82	0.31662
7464.82	0.3159
7465.82	0.31366
7466.82	0.31151
7467.82	0.30949
7468.82	0.31089
7469.82	0.31432
7470.82	0.31838
7471.82	0.3225
7472.82	0.32182
7473.82	0.31934
7474.82	0.31601
7475.82	0.31478
7476.82	0.31384
7477.82	0.31342
7478.82	0.31307
7479.82	0.3121
7480.82	0.31139
7481.82	0.31162
7482.82	0.31142
7483.82	0.31119
7484.82	0.31047
7485.82	0.30982
7486.82	0.31063
7487.82	0.3103
7488.82	0.30984
7489.82	0.30892
7490.82	0.30871
7491.82	0.30832
7492.82	0.30828
7493.82	0.30805
7494.82	0.30665
7495.82	0.30708
7496.82	0.30788
7497.82	0.30655
7498.82	0.30595
7499.82	0.30651
7500.82	0.30616
7501.82	0.30613
7502.82	0.30588
7503.82	0.30482
7504.82	0.3046
7505.82	0.30376
7506.82	0.30347
7507.82	0.30359
7508.82	0.30399
7509.82	0.3039
7510.82	0.30401
7511.82	0.3035
7512.82	0.30307
7513.82	0.30337
7514.82	0.30273
7515.82	0.30324
7516.82	0.30342
7517.82	0.30251
7518.82	0.30185
7519.82	0.30147
7520.82	0.30217
7521.82	0.30198
7522.82	0.30176
7523.82	0.3019
7524.82	0.30164
7525.82	0.30125
7526.82	0.30201
7527.82	0.30223
7528.82	0.30161
7529.82	0.30114
7530.82	0.30238
7531.82	0.30146
7532.82	0.30244
7533.82	0.30269
7534.82	0.30238
7535.82	0.30225
7536.82	0.30098
7537.82	0.30164
7538.82	0.30197
7539.82	0.30293
7540.82	0.3025
7541.82	0.30261
7542.82	0.30173
7543.82	0.30215
7544.82	0.30177
7545.82	0.30204
7546.82	0.30265
7547.82	0.30254
7548.82	0.30287
7549.82	0.30254
7550.82	0.3031
7551.82	0.30254
7552.82	0.30209
7553.82	0.3023
7554.82	0.30384
7555.82	0.30472
7556.82	0.3043
7557.82	0.30362
7558.82	0.30591
7559.82	0.30389
7560.82	0.30465
7561.82	0.30459
7562.82	0.30596
7563.82	0.30403
7564.82	0.30464
7565.82	0.30644
7566.82	0.30736
7567.82	0.30762
7568.82	0.30591
7569.82	0.30618
7570.82	0.30762
7571.82	0.30872
7572.82	0.30695
7573.82	0.30938
7574.82	0.30727
7575.82	0.30949
7576.82	0.31
7577.82	0.31061
7578.82	0.30867
7579.82	0.30905
7580.82	0.30994
7581.82	0.31014
7582.82	0.3115
7583.82	0.31138
7584.82	0.3116
7585.82	0.31124
7586.82	0.31324
7587.82	0.31404
7588.82	0.31414
7589.82	0.31307
7590.82	0.3153
7591.82	0.3158
7592.82	0.3145
7593.82	0.31482
7594.82	0.31637
7595.82	0.31658
7596.82	0.31958
7597.82	0.318
7598.82	0.31852
7599.82	0.32071
7600.82	0.31879
7601.82	0.3179
7602.82	0.31988
7603.82	0.32127
7604.82	0.32199
7605.82	0.32447
7606.82	0.32617
7607.82	0.32715
7608.82	0.32999
7609.82	0.32832
7610.82	0.32657
7611.82	0.32556
7612.82	0.3236
7613.82	0.31962
7614.82	0.32014
7615.82	0.32138
7616.82	0.3208
7617.82	0.32023
7618.82	0.32098
7619.82	0.32115
7620.82	0.32325
7621.82	0.32738
7622.82	0.32993
7623.82	0.33114
7624.82	0.3305
7625.82	0.33157
7626.82	0.33302
7627.82	0.32981
7628.82	0.32914
7629.82	0.32633
7630.82	0.3254
7631.82	0.32554
7632.82	0.32775
7633.82	0.32566
7634.82	0.32574
7635.82	0.3249
7636.82	0.32428
7637.82	0.32575
7638.82	0.32534
7639.82	0.3249
7640.82	0.32305
7641.82	0.32149
7642.82	0.32094
7643.82	0.31992
7644.82	0.31956
7645.82	0.31915
7646.82	0.31934
7647.82	0.31791
7648.82	0.31801
7649.82	0.31832
7650.82	0.31941
7651.82	0.31847
7652.82	0.31773
7653.82	0.31831
7654.82	0.31758
7655.82	0.31668
7656.82	0.31604
7657.82	0.3148
7658.82	0.31639
7659.82	0.31584
7660.82	0.31572
7661.82	0.31557
7662.82	0.31602
7663.82	0.31508
7664.82	0.31473
7665.82	0.3147
7666.82	0.31511
7667.82	0.3137
7668.82	0.31366
7669.82	0.31315
7670.82	0.3143
7671.82	0.3131
7672.82	0.31323
7673.82	0.31369
7674.82	0.31345
7675.82	0.31367
7676.82	0.31369
7677.82	0.31401
7678.82	0.31254
7679.82	0.31425
7680.82	0.31377
7681.82	0.31413
7682.82	0.31451
7683.82	0.31467
7684.82	0.31447
7685.82	0.31404
7686.82	0.31483
7687.82	0.31489
7688.82	0.31659
7689.82	0.31634
7690.82	0.31697
7691.82	0.31809
7692.82	0.31921
7693.82	0.31982
7694.82	0.32099
7695.82	0.32276
7696.82	0.32423
7697.82	0.32596
7698.82	0.32786
7699.82	0.33186
7700.82	0.33419
7701.82	0.34317
7702.82	0.34864
7703.82	0.37397
7704.82	0.3952
7705.82	0.48015
7706.82	0.53568
7707.82	0.66369
7708.82	0.7214
7709.82	0.81667
7710.82	0.85405
7711.82	0.90601
7712.82	0.95146
7713.82	1.01982
7714.82	1.09419
7715.82	1.18128
7716.82	1.26645
7717.82	1.3488
7718.82	1.44046
7719.82	1.50313
7720.82	1.60463
7721.82	1.66317
7722.82	1.74746
7723.82	1.78799
7724.82	1.84047
7725.82	1.86462
7726.82	1.89437
7727.82	1.90965
7728.82	1.931
7729.82	1.94632
7730.82	1.96791
7731.82	1.97613
7732.82	1.97937
7733.82	1.97433
7734.82	1.96407
7735.82	1.95275
7736.82	1.94132
7737.82	1.93043
7738.82	1.92113
7739.82	1.9112
7740.82	1.90567
7741.82	1.89991
7742.82	1.89622
7743.82	1.89436
7744.82	1.89614
7745.82	1.90472
7746.82	1.91295
7747.82	1.93233
7748.82	1.9459
7749.82	1.97022
7750.82	1.98759
7751.82	2.01443
7752.82	2.03121
7753.82	2.05348
7754.82	2.067
7755.82	2.08149
7756.82	2.08709
7757.82	2.08949
7758.82	2.08655
7759.82	2.07961
7760.82	2.06784
7761.82	2.05424
7762.82	2.03412
7763.82	2.01553
7764.82	1.98799
7765.82	1.96753
7766.82	1.93919
7767.82	1.92373
7768.82	1.90191
7769.82	1.89085
7770.82	1.87562
7771.82	1.8695
7772.82	1.86096
7773.82	1.85717
7774.82	1.85101
7775.82	1.84751
7776.82	1.84357
7777.82	1.84125
7778.82	1.83888
7779.82	1.83958
7780.82	1.84165
7781.82	1.84467
7782.82	1.84991
7783.82	1.8549
7784.82	1.86215
7785.82	1.86945
7786.82	1.87876
7787.82	1.88779
7788.82	1.89778
7789.82	1.908
7790.82	1.91643
7791.82	1.92444
7792.82	1.93189
7793.82	1.93997
7794.82	1.9477
7795.82	1.96009
7796.82	1.96949
7797.82	1.98549
7798.82	1.99692
7799.82	2.01592
7800.82	2.02754
7801.82	2.04711
7802.82	2.05825
7803.82	2.0753
7804.82	2.08362
7805.82	2.09484
7806.82	2.09912
7807.82	2.10089
7808.82	2.09926
7809.82	2.09344
7810.82	2.08857
7811.82	2.07877
7812.82	2.07073
7813.82	2.05743
7814.82	2.0473
7815.82	2.03086
7816.82	2.01914
7817.82	2.00199
7818.82	1.98915
7819.82	1.97196
7820.82	1.95877
7821.82	1.94148
7822.82	1.92784
7823.82	1.9111
7824.82	1.89799
7825.82	1.88282
7826.82	1.86987
7827.82	1.85569
7828.82	1.84398
7829.82	1.83265
7830.82	1.82361
7831.82	1.8157
7832.82	1.80976
7833.82	1.80555
7834.82	1.80353
7835.82	1.80363
7836.82	1.80463
7837.82	1.80603
7838.82	1.8092
7839.82	1.81198
7840.82	1.81596
7841.82	1.81842
7842.82	1.82136
7843.82	1.82298
7844.82	1.82583
7845.82	1.8287
7846.82	1.83201
7847.82	1.83416
7848.82	1.83745
7849.82	1.83983
7850.82	1.84327
7851.82	1.84561
7852.82	1.85035
7853.82	1.85351
7854.82	1.85915
7855.82	1.86314
7856.82	1.8708
7857.82	1.87738
7858.82	1.88909
7859.82	1.89638
7860.82	1.90887
7861.82	1.91767
7862.82	1.9319
7863.82	1.94093
7864.82	1.95624
7865.82	1.96578
7866.82	1.98109
7867.82	1.99018
7868.82	2.00461
7869.82	2.01299
7870.82	2.02512
7871.82	2.0318
7872.82	2.04114
7873.82	2.04602
7874.82	2.05207
7875.82	2.0544
7876.82	2.05562
7877.82	2.05485
7878.82	2.05155
7879.82	2.04781
7880.82	2.04
7881.82	2.03373
7882.82	2.01982
7883.82	2.00914
7884.82	1.99208
7885.82	1.98017
7886.82	1.9612
7887.82	1.94605
7888.82	1.92258
7889.82	1.90789
7890.82	1.88491
7891.82	1.86931
7892.82	1.84666
7893.82	1.83245
7894.82	1.81167
7895.82	1.79986
7896.82	1.78411
7897.82	1.77553
7898.82	1.76511
7899.82	1.75973
7900.82	1.75443
7901.82	1.75362
7902.82	1.75386
7903.82	1.75514
7904.82	1.75992
7905.82	1.76372
7906.82	1.76921
7907.82	1.77402
7908.82	1.7823
7909.82	1.78746
7910.82	1.79556
7911.82	1.80091
7912.82	1.80827
7913.82	1.81231
7914.82	1.81805
7915.82	1.82088
7916.82	1.82479
7917.82	1.82672
7918.82	1.82975
7919.82	1.83172
7920.82	1.83367
7921.82	1.83371
7922.82	1.83358
7923.82	1.83336
7924.82	1.83342
7925.82	1.83363
7926.82	1.83308
7927.82	1.83299
7928.82	1.83262
7929.82	1.83176
7930.82	1.83105
7931.82	1.83007
7932.82	1.82888
7933.82	1.82889
7934.82	1.82915
7935.82	1.82897
7936.82	1.82804
7937.82	1.82799
7938.82	1.82874
7939.82	1.82941
7940.82	1.83093
7941.82	1.83245
7942.82	1.83621
7943.82	1.83902
7944.82	1.84362
7945.82	1.8471
7946.82	1.85385
7947.82	1.85921
7948.82	1.86564
7949.82	1.86956
7950.82	1.87564
7951.82	1.88045
7952.82	1.88628
7953.82	1.8898
7954.82	1.8945
7955.82	1.89858
7956.82	1.90241
7957.82	1.90424
7958.82	1.9055
7959.82	1.90693
7960.82	1.90685
7961.82	1.90547
7962.82	1.90227
7963.82	1.89905
7964.82	1.89536
7965.82	1.89066
7966.82	1.88413
7967.82	1.8769
7968.82	1.8697
7969.82	1.86299
7970.82	1.85532
7971.82	1.84659
7972.82	1.8387
7973.82	1.83033
7974.82	1.82264
7975.82	1.81437
7976.82	1.80794
7977.82	1.80117
7978.82	1.79564
7979.82	1.78917
7980.82	1.78506
7981.82	1.78012
7982.82	1.77627
7983.82	1.77234
7984.82	1.76969
7985.82	1.76627
7986.82	1.76422
7987.82	1.76044
7988.82	1.75766
7989.82	1.75551
7990.82	1.75355
7991.82	1.75047
7992.82	1.74869
7993.82	1.74543
7994.82	1.74294
7995.82	1.73993
7996.82	1.73812
7997.82	1.73531
7998.82	1.73344
7999.82	1.73192
8000.82	1.73076
8001.82	1.73068
8002.82	1.7304
8003.82	1.7305
8004.82	1.73135
8005.82	1.73251
8006.82	1.73346
8007.82	1.7346
8008.82	1.73631
8009.82	1.73843
8010.82	1.73969
8011.82	1.74187
8012.82	1.74381
8013.82	1.74476
8014.82	1.74674
8015.82	1.74865
8016.82	1.74963
8017.82	1.75092
8018.82	1.75274
8019.82	1.75429
8020.82	1.7552
8021.82	1.75573
8022.82	1.7572
8023.82	1.75812
8024.82	1.75862
8025.82	1.75876
8026.82	1.76022
8027.82	1.76161
8028.82	1.76224
8029.82	1.76293
8030.82	1.76409
8031.82	1.76514
8032.82	1.76783
8033.82	1.76865
8034.82	1.76891
8035.82	1.76942
8036.82	1.77085
8037.82	1.77146
8038.82	1.7726
8039.82	1.77313
8040.82	1.77353
8041.82	1.77455
8042.82	1.77534
8043.82	1.77581
8044.82	1.77605
8045.82	1.77521
8046.82	1.77404
8047.82	1.77325
8048.82	1.77334
8049.82	1.77415
8050.82	1.77466
8051.82	1.77695
8052.82	1.77747
8053.82	1.77553
8054.82	1.77421
8055.82	1.77131
8056.82	1.76853
8057.82	1.76459
8058.82	1.76253
8059.82	1.75921
8060.82	1.7563
8061.82	1.75281
8062.82	1.7517
8063.82	1.74807
8064.82	1.74469
8065.82	1.74083
8066.82	1.73755
8067.82	1.73495
8068.82	1.73302
8069.82	1.7299
8070.82	1.72762
8071.82	1.72618
8072.82	1.72409
8073.82	1.72179
8074.82	1.71941
8075.82	1.71832
8076.82	1.71583
8077.82	1.71518
8078.82	1.71474
8079.82	1.71303
8080.82	1.71001
8081.82	1.70814
8082.82	1.70545
8083.82	1.70337
8084.82	1.70125
8085.82	1.70006
8086.82	1.69681
8087.82	1.69415
8088.82	1.69268
8089.82	1.69095
8090.82	1.68839
8091.82	1.68637
8092.82	1.68388
8093.82	1.68155
8094.82	1.67968
8095.82	1.67783
8096.82	1.67573
8097.82	1.67473
8098.82	1.67376
8099.82	1.67232
8100.82	1.67241
8101.82	1.67104
8102.82	1.66973
8103.82	1.66817
8104.82	1.66727
8105.82	1.66675
8106.82	1.66627
8107.82	1.66655
8108.82	1.66556
8109.82	1.66365
8110.82	1.66322
8111.82	1.66249
8112.82	1.66103
8113.82	1.66067
8114.82	1.66154
8115.82	1.66128
8116.82	1.66097
8117.82	1.66166
8118.82	1.66184
8119.82	1.66154
8120.82	1.66119
8121.82	1.66229
8122.82	1.66397
8123.82	1.66423
8124.82	1.66325
8125.82	1.6635
8126.82	1.66387
8127.82	1.66414
8128.82	1.66607
8129.82	1.66653
8130.82	1.66644
8131.82	1.66744
8132.82	1.66664
8133.82	1.66639
8134.82	1.66751
8135.82	1.66814
8136.82	1.66812
8137.82	1.66656
8138.82	1.665
8139.82	1.66552
8140.82	1.66571
8141.82	1.6657
8142.82	1.66548
8143.82	1.66595
8144.82	1.666
8145.82	1.66615
8146.82	1.66634
8147.82	1.66621
8148.82	1.66585
8149.82	1.66668
8150.82	1.66664
8151.82	1.66473
8152.82	1.66304
8153.82	1.66353
8154.82	1.66442
8155.82	1.66286
8156.82	1.65962
8157.82	1.65936
8158.82	1.65831
8159.82	1.65711
8160.82	1.65546
8161.82	1.65438
8162.82	1.65291
8163.82	1.65128
8164.82	1.64894
8165.82	1.6481
8166.82	1.64793
8167.82	1.64586
8168.82	1.64419
8169.82	1.64202
8170.82	1.64073
8171.82	1.63978
8172.82	1.63877
8173.82	1.63802
8174.82	1.63875
8175.82	1.63671
8176.82	1.63289
8177.82	1.63159
8178.82	1.63096
8179.82	1.62962
8180.82	1.62917
8181.82	1.62888
8182.82	1.62739
8183.82	1.62623
8184.82	1.6249
8185.82	1.6247
8186.82	1.62484
8187.82	1.6239
8188.82	1.62243
8189.82	1.62057
8190.82	1.61985
8191.82	1.61883
8192.82	1.61725
8193.82	1.61522
8194.82	1.61379
8195.82	1.61301
8196.82	1.61292
8197.82	1.61359
8198.82	1.61205
8199.82	1.61045
8200.82	1.6091
8201.82	1.60648
8202.82	1.60526
8203.82	1.60453
8204.82	1.60404
8205.82	1.60206
8206.82	1.59916
8207.82	1.59818
8208.82	1.59855
8209.82	1.59765
8210.82	1.59603
8211.82	1.59502
8212.82	1.59324
8213.82	1.59157
8214.82	1.59017
8215.82	1.59033
8216.82	1.59074
8217.82	1.59094
8218.82	1.58895
8219.82	1.58502
8220.82	1.58346
8221.82	1.58193
8222.82	1.58043
8223.82	1.57999
8224.82	1.57969
8225.82	1.57844
8226.82	1.57745
8227.82	1.57673
8228.82	1.57731
8229.82	1.57743
8230.82	1.57579
8231.82	1.57401
8232.82	1.57201
8233.82	1.56946
8234.82	1.56947
8235.82	1.57082
8236.82	1.57147
8237.82	1.57207
8238.82	1.5723
8239.82	1.57145
8240.82	1.56891
8241.82	1.56712
8242.82	1.56688
8243.82	1.56703
8244.82	1.56584
8245.82	1.56621
8246.82	1.5672
8247.82	1.56605
8248.82	1.56601
8249.82	1.5662
8250.82	1.56576
8251.82	1.56593
8252.82	1.56576
8253.82	1.56431
8254.82	1.56279
8255.82	1.56199
8256.82	1.56381
8257.82	1.56542
8258.82	1.56479
8259.82	1.56386
8260.82	1.56403
8261.82	1.56382
8262.82	1.56389
8263.82	1.56319
8264.82	1.56437
8265.82	1.56584
8266.82	1.56564
8267.82	1.56391
8268.82	1.56365
8269.82	1.56368
8270.82	1.56439
8271.82	1.56279
8272.82	1.55956
8273.82	1.55965
8274.82	1.56079
8275.82	1.56017
8276.82	1.55877
8277.82	1.5569
8278.82	1.55549
8279.82	1.55336
8280.82	1.55342
8281.82	1.5549
8282.82	1.55346
8283.82	1.55088
8284.82	1.54988
8285.82	1.54909
8286.82	1.54787
8287.82	1.54747
8288.82	1.54713
8289.82	1.54645
8290.82	1.54395
8291.82	1.54197
8292.82	1.54182
8293.82	1.54135
8294.82	1.53959
8295.82	1.53788
8296.82	1.53858
8297.82	1.53942
8298.82	1.53825
8299.82	1.53591
8300.82	1.53536
8301.82	1.53409
8302.82	1.5306
8303.82	1.53024
8304.82	1.52979
8305.82	1.52911
8306.82	1.52847
8307.82	1.5271
8308.82	1.52588
8309.82	1.52637
8310.82	1.52423
8311.82	1.52096
8312.82	1.52073
8313.82	1.51994
8314.82	1.51926
8315.82	1.5182
8316.82	1.51671
8317.82	1.51627
8318.82	1.51697
8319.82	1.51538
8320.82	1.51372
8321.82	1.51285
8322.82	1.51352
8323.82	1.51424
8324.82	1.51291
8325.82	1.51211
8326.82	1.51142
8327.82	1.51082
8328.82	1.50945
8329.82	1.50744
8330.82	1.50743
8331.82	1.5085
8332.82	1.5086
8333.82	1.50912
8334.82	1.50968
8335.82	1.50877
8336.82	1.50863
8337.82	1.5077
8338.82	1.50621
8339.82	1.50556
8340.82	1.50366
8341.82	1.50199
8342.82	1.50098
8343.82	1.50051
8344.82	1.49856
8345.82	1.49662
8346.82	1.49567
8347.82	1.49642
8348.82	1.4947
8349.82	1.49317
8350.82	1.49324
8351.82	1.49394
8352.82	1.49245
8353.82	1.48878
8354.82	1.48736
8355.82	1.48863
8356.82	1.48902
8357.82	1.48827
8358.82	1.48631
8359.82	1.48644
8360.82	1.48754
8361.82	1.48552
8362.82	1.48434
8363.82	1.48568
8364.82	1.48618
8365.82	1.48535
8366.82	1.48155
8367.82	1.47968
8368.82	1.47903
8369.82	1.47858
8370.82	1.47838
8371.82	1.47824
8372.82	1.47777
8373.82	1.47657
8374.82	1.47703
8375.82	1.47692
8376.82	1.47679
8377.82	1.47642
8378.82	1.47548
8379.82	1.47456
8380.82	1.47493
8381.82	1.47387
8382.82	1.47259
8383.82	1.47231
8384.82	1.47183
8385.82	1.47179
8386.82	1.47164
8387.82	1.47102
8388.82	1.47083
8389.82	1.47218
8390.82	1.47288
8391.82	1.47424
8392.82	1.47836
8393.82	1.48409
8394.82	1.48795
8395.82	1.49071
8396.82	1.4936
8397.82	1.49503
8398.82	1.49419
8399.82	1.49243
8400.82	1.49173
8401.82	1.49135
8402.82	1.48903
8403.82	1.48541
8404.82	1.48286
8405.82	1.48192
8406.82	1.48049
8407.82	1.47839
8408.82	1.47637
8409.82	1.47512
8410.82	1.47227
8411.82	1.47195
8412.82	1.47311
8413.82	1.47296
8414.82	1.47085
8415.82	1.46847
8416.82	1.46732
8417.82	1.4667
8418.82	1.46554
8419.82	1.46363
8420.82	1.46292
8421.82	1.46275
8422.82	1.4617
8423.82	1.45858
8424.82	1.45615
8425.82	1.45535
8426.82	1.45486
8427.82	1.45534
8428.82	1.45658
8429.82	1.45624
8430.82	1.45405
8431.82	1.45084
8432.82	1.44877
8433.82	1.44958
8434.82	1.45114
8435.82	1.45062
8436.82	1.44851
8437.82	1.44716
8438.82	1.44542
8439.82	1.44269
8440.82	1.44235
8441.82	1.44259
8442.82	1.44078
8443.82	1.4392
8444.82	1.43726
8445.82	1.43441
8446.82	1.43335
8447.82	1.43337
8448.82	1.43124
8449.82	1.43021
8450.82	1.42868
8451.82	1.42703
8452.82	1.42553
8453.82	1.42502
8454.82	1.42479
8455.82	1.42286
8456.82	1.42108
8457.82	1.41999
8458.82	1.41879
8459.82	1.41924
8460.82	1.41804
8461.82	1.41676
8462.82	1.41494
8463.82	1.41479
8464.82	1.41662
8465.82	1.4166
8466.82	1.41478
8467.82	1.41325
8468.82	1.41255
8469.82	1.41008
8470.82	1.4093
8471.82	1.40964
8472.82	1.41015
8473.82	1.40864
8474.82	1.40585
8475.82	1.4056
8476.82	1.4069
8477.82	1.40648
8478.82	1.4032
8479.82	1.40233
8480.82	1.40144
8481.82	1.4014
8482.82	1.39996
8483.82	1.39856
8484.82	1.39805
8485.82	1.39693
8486.82	1.39641
8487.82	1.39626
8488.82	1.39327
8489.82	1.39287
8490.82	1.395
8491.82	1.39602
8492.82	1.39569
8493.82	1.39568
8494.82	1.394
8495.82	1.3916
8496.82	1.39056
8497.82	1.39012
8498.82	1.38914
8499.82	1.38745
8500.82	1.38579
8501.82	1.38406
8502.82	1.38264
8503.82	1.38473
8504.82	1.38481
8505.82	1.3836
8506.82	1.38288
8507.82	1.38252
8508.82	1.38051
8509.82	1.38054
8510.82	1.38101
8511.82	1.3807
8512.82	1.37895
8513.82	1.3786
8514.82	1.37933
8515.82	1.37857
8516.82	1.37794
8517.82	1.3754
8518.82	1.3739
8519.82	1.37482
8520.82	1.37389
8521.82	1.37295
8522.82	1.37115
8523.82	1.37224
8524.82	1.37281
8525.82	1.37109
8526.82	1.36937
8527.82	1.36942
8528.82	1.37031
8529.82	1.37154
8530.82	1.37036
8531.82	1.36867
8532.82	1.36976
8533.82	1.36959
8534.82	1.36608
8535.82	1.36501
8536.82	1.36617
8537.82	1.36683
8538.82	1.36719
8539.82	1.3649
8540.82	1.36334
8541.82	1.36263
8542.82	1.36215
8543.82	1.36112
8544.82	1.36259
8545.82	1.36294
8546.82	1.35891
8547.82	1.35642
8548.82	1.35707
8549.82	1.35621
8550.82	1.35657
8551.82	1.3574
8552.82	1.35695
8553.82	1.35534
8554.82	1.35433
8555.82	1.35204
8556.82	1.34954
8557.82	1.34873
8558.82	1.34964
8559.82	1.35174
8560.82	1.35136
8561.82	1.34932
8562.82	1.34897
8563.82	1.34927
8564.82	1.34675
8565.82	1.34505
8566.82	1.34553
8567.82	1.34525
8568.82	1.34339
8569.82	1.34266
8570.82	1.3441
8571.82	1.34567
8572.82	1.34456
8573.82	1.34317
8574.82	1.34326
8575.82	1.34327
8576.82	1.3396
8577.82	1.33779
8578.82	1.3369
8579.82	1.33619
8580.82	1.33517
8581.82	1.33641
8582.82	1.3371
8583.82	1.33609
8584.82	1.33637
8585.82	1.33608
8586.82	1.33572
8587.82	1.33348
8588.82	1.33108
8589.82	1.33094
8590.82	1.33042
8591.82	1.33172
8592.82	1.33226
8593.82	1.33167
8594.82	1.32944
8595.82	1.32399
8596.82	1.31818
8597.82	1.31158
8598.82	1.30715
8599.82	1.30167
8600.82	1.29629
8601.82	1.28982
8602.82	1.2848
8603.82	1.27674
8604.82	1.2703
8605.82	1.26284
8606.82	1.25405
8607.82	1.24854
8608.82	1.24324
8609.82	1.24344
