# Energies_eV	Co-foil-5mu_final_NoF006
7628.82	0.32914
7629.82	0.32633
7630.82	0.3254
7631.82	0.32554
7632.82	0.32775
7633.82	0.32566
7634.82	0.32574
7635.82	0.3249
7636.82	0.32428
7637.82	0.32575
7638.82	0.32534
7639.82	0.3249
7640.82	0.32305
7641.82	0.32149
7642.82	0.32094
7643.82	0.31992
7644.82	0.31956
7645.82	0.31915
7646.82	0.31934
7647.82	0.31791
7648.82	0.31801
7649.82	0.31832
7650.82	0.31941
7651.82	0.31847
7652.82	0.31773
7653.82	0.31831
7654.82	0.31758
7655.82	0.31668
7656.82	0.31604
7657.82	0.3148
7658.82	0.31639
7659.82	0.31584
7660.82	0.31572
7661.82	0.31557
7662.82	0.31602
7663.82	0.31508
7664.82	0.31473
7665.82	0.3147
7666.82	0.31511
7667.82	0.3137
7668.82	0.31366
7669.82	0.31315
7670.82	0.3143
7671.82	0.3131
7672.82	0.31323
7673.82	0.31369
7674.82	0.31345
7675.82	0.31367
7676.82	0.31369
7677.82	0.31401
7678.82	0.31254
7679.82	0.31425
7680.82	0.31377
7681.82	0.31413
7682.82	0.31451
7683.82	0.31467
7684.82	0.31447
7685.82	0.31404
7686.82	0.31483
7687.82	0.31489
7688.82	0.31659
7689.82	0.31634
7690.82	0.31697
7691.82	0.31809
7692.82	0.31921
7693.82	0.31982
7694.82	0.32099
7695.82	0.32276
7696.82	0.32423
7697.82	0.32596
7698.82	0.32786
7699.82	0.33186
7700.82	0.33419
7701.82	0.34317
7702.82	0.34864
7703.82	0.37397
7704.82	0.3952
7705.82	0.48015
7706.82	0.53568
7707.82	0.66369
7708.82	0.7214
7709.82	0.81667
7710.82	0.85405
7711.82	0.90601
7712.82	0.95146
7713.82	1.01982
7714.82	1.09419
7715.82	1.18128
7716.82	1.26645
7717.82	1.3488
7718.82	1.44046
7719.82	1.50313
7720.82	1.60463
7721.82	1.66317
7722.82	1.74746
7723.82	1.78799
7724.82	1.84047
7725.82	1.86462
7726.82	1.89437
7727.82	1.90965
7728.82	1.931
7729.82	1.94632
7730.82	1.96791
7731.82	1.97613
7732.82	1.97937
7733.82	1.97433
7734.82	1.96407
7735.82	1.95275
7736.82	1.94132
7737.82	1.93043
7738.82	1.92113
7739.82	1.9112
7740.82	1.90567
7741.82	1.89991
7742.82	1.89622
7743.82	1.89436
7744.82	1.89614
7745.82	1.90472
7746.82	1.91295
7747.82	1.93233
7748.82	1.9459
7749.82	1.97022
7750.82	1.98759
7751.82	2.01443
7752.82	2.03121
7753.82	2.05348
7754.82	2.067
7755.82	2.08149
7756.82	2.08709
7757.82	2.08949
7758.82	2.08655
7759.82	2.07961
7760.82	2.06784
7761.82	2.05424
7762.82	2.03412
7763.82	2.01553
7764.82	1.98799
7765.82	1.96753
7766.82	1.93919
7767.82	1.92373
7768.82	1.90191
7769.82	1.89085
7770.82	1.87562
7771.82	1.8695
7772.82	1.86096
7773.82	1.85717
7774.82	1.85101
7775.82	1.84751
7776.82	1.84357
7777.82	1.84125
7778.82	1.83888
7779.82	1.83958
7780.82	1.84165
7781.82	1.84467
7782.82	1.84991
7783.82	1.8549
7784.82	1.86215
7785.82	1.86945
7786.82	1.87876
7787.82	1.88779
7788.82	1.89778
7789.82	1.908
7790.82	1.91643
7791.82	1.92444
7792.82	1.93189
7793.82	1.93997
7794.82	1.9477
7795.82	1.96009
7796.82	1.96949
7797.82	1.98549
7798.82	1.99692
7799.82	2.01592
7800.82	2.02754
7801.82	2.04711
7802.82	2.05825
7803.82	2.0753
7804.82	2.08362
7805.82	2.09484
7806.82	2.09912
7807.82	2.10089
7808.82	2.09926
7809.82	2.09344
7810.82	2.08857
7811.82	2.07877
7812.82	2.07073
7813.82	2.05743
7814.82	2.0473
7815.82	2.03086
7816.82	2.01914
7817.82	2.00199
7818.82	1.98915
7819.82	1.97196
7820.82	1.95877
7821.82	1.94148
7822.82	1.92784
7823.82	1.9111
7824.82	1.89799
7825.82	1.88282
7826.82	1.86987
7827.82	1.85569
7828.82	1.84398
7829.82	1.83265
7830.82	1.82361
7831.82	1.8157
7832.82	1.80976
7833.82	1.80555
7834.82	1.80353
7835.82	1.80363
7836.82	1.80463
7837.82	1.80603
7838.82	1.8092
7839.82	1.81198
7840.82	1.81596
7841.82	1.81842
7842.82	1.82136
7843.82	1.82298
7844.82	1.82583
7845.82	1.8287
7846.82	1.83201
7847.82	1.83416
7848.82	1.83745
7849.82	1.83983
7850.82	1.84327
7851.82	1.84561
7852.82	1.85035
7853.82	1.85351
7854.82	1.85915
7855.82	1.86314
7856.82	1.8708
7857.82	1.87738
7858.82	1.88909
7859.82	1.89638
7860.82	1.90887
7861.82	1.91767
7862.82	1.9319
7863.82	1.94093
7864.82	1.95624
7865.82	1.96578
7866.82	1.98109
7867.82	1.99018
7868.82	2.00461
7869.82	2.01299
7870.82	2.02512
7871.82	2.0318
7872.82	2.04114
7873.82	2.04602
7874.82	2.05207
7875.82	2.0544
7876.82	2.05562
7877.82	2.05485
7878.82	2.05155
7879.82	2.04781
7880.82	2.04
7881.82	2.03373
7882.82	2.01982
7883.82	2.00914
7884.82	1.99208
7885.82	1.98017
7886.82	1.9612
7887.82	1.94605
7888.82	1.92258
7889.82	1.90789
7890.82	1.88491
7891.82	1.86931
7892.82	1.84666
7893.82	1.83245
7894.82	1.81167
7895.82	1.79986
7896.82	1.78411
7897.82	1.77553
7898.82	1.76511
7899.82	1.75973
7900.82	1.75443
7901.82	1.75362
7902.82	1.75386
7903.82	1.75514
7904.82	1.75992
7905.82	1.76372
7906.82	1.76921
7907.82	1.77402
7908.82	1.7823
7909.82	1.78746
7910.82	1.79556
7911.82	1.80091
7912.82	1.80827
7913.82	1.81231
7914.82	1.81805
7915.82	1.82088
7916.82	1.82479
7917.82	1.82672
7918.82	1.82975
7919.82	1.83172
7920.82	1.83367
7921.82	1.83371
7922.82	1.83358
7923.82	1.83336
7924.82	1.83342
7925.82	1.83363
7926.82	1.83308
7927.82	1.83299
7928.82	1.83262
7929.82	1.83176
7930.82	1.83105
7931.82	1.83007
7932.82	1.82888
7933.82	1.82889
7934.82	1.82915
7935.82	1.82897
7936.82	1.82804
7937.82	1.82799
7938.82	1.82874
7939.82	1.82941
7940.82	1.83093
7941.82	1.83245
7942.82	1.83621
7943.82	1.83902
7944.82	1.84362
7945.82	1.8471
7946.82	1.85385
7947.82	1.85921
7948.82	1.86564
7949.82	1.86956
7950.82	1.87564
7951.82	1.88045
7952.82	1.88628
7953.82	1.8898
7954.82	1.8945
7955.82	1.89858
7956.82	1.90241
7957.82	1.90424
7958.82	1.9055
7959.82	1.90693
7960.82	1.90685
7961.82	1.90547
7962.82	1.90227
7963.82	1.89905
7964.82	1.89536
7965.82	1.89066
7966.82	1.88413
7967.82	1.8769
7968.82	1.8697
7969.82	1.86299
7970.82	1.85532
7971.82	1.84659
7972.82	1.8387
7973.82	1.83033
7974.82	1.82264
7975.82	1.81437
7976.82	1.80794
7977.82	1.80117
7978.82	1.79564
7979.82	1.78917
7980.82	1.78506
7981.82	1.78012
7982.82	1.77627
7983.82	1.77234
7984.82	1.76969
7985.82	1.76627
7986.82	1.76422
7987.82	1.76044
7988.82	1.75766
7989.82	1.75551
7990.82	1.75355
7991.82	1.75047
7992.82	1.74869
7993.82	1.74543
7994.82	1.74294
7995.82	1.73993
7996.82	1.73812
7997.82	1.73531
7998.82	1.73344
7999.82	1.73192
8000.82	1.73076
8001.82	1.73068
8002.82	1.7304
8003.82	1.7305
8004.82	1.73135
8005.82	1.73251
8006.82	1.73346
8007.82	1.7346
8008.82	1.73631
8009.82	1.73843
8010.82	1.73969
8011.82	1.74187
8012.82	1.74381
8013.82	1.74476
8014.82	1.74674
8015.82	1.74865
8016.82	1.74963
8017.82	1.75092
8018.82	1.75274
8019.82	1.75429
8020.82	1.7552
8021.82	1.75573
8022.82	1.7572
8023.82	1.75812
8024.82	1.75862
8025.82	1.75876
8026.82	1.76022
8027.82	1.76161
8028.82	1.76224
8029.82	1.76293
8030.82	1.76409
8031.82	1.76514
8032.82	1.76783
8033.82	1.76865
8034.82	1.76891
8035.82	1.76942
8036.82	1.77085
8037.82	1.77146
8038.82	1.7726
8039.82	1.77313
8040.82	1.77353
8041.82	1.77455
8042.82	1.77534
8043.82	1.77581
8044.82	1.77605
8045.82	1.77521
8046.82	1.77404
8047.82	1.77325
8048.82	1.77334
8049.82	1.77415
8050.82	1.77466
8051.82	1.77695
8052.82	1.77747
8053.82	1.77553
8054.82	1.77421
8055.82	1.77131
8056.82	1.76853
8057.82	1.76459
8058.82	1.76253
8059.82	1.75921
8060.82	1.7563
8061.82	1.75281
8062.82	1.7517
8063.82	1.74807
8064.82	1.74469
8065.82	1.74083
8066.82	1.73755
8067.82	1.73495
8068.82	1.73302
8069.82	1.7299
8070.82	1.72762
8071.82	1.72618
8072.82	1.72409
8073.82	1.72179
8074.82	1.71941
8075.82	1.71832
8076.82	1.71583
8077.82	1.71518
8078.82	1.71474
8079.82	1.71303
8080.82	1.71001
8081.82	1.70814
8082.82	1.70545
8083.82	1.70337
8084.82	1.70125
8085.82	1.70006
8086.82	1.69681
8087.82	1.69415
8088.82	1.69268
8089.82	1.69095
8090.82	1.68839
8091.82	1.68637
8092.82	1.68388
8093.82	1.68155
8094.82	1.67968
8095.82	1.67783
8096.82	1.67573
8097.82	1.67473
8098.82	1.67376
8099.82	1.67232
8100.82	1.67241
8101.82	1.67104
8102.82	1.66973
8103.82	1.66817
8104.82	1.66727
8105.82	1.66675
8106.82	1.66627
8107.82	1.66655
8108.82	1.66556
8109.82	1.66365
8110.82	1.66322
8111.82	1.66249
8112.82	1.66103
8113.82	1.66067
8114.82	1.66154
8115.82	1.66128
8116.82	1.66097
8117.82	1.66166
8118.82	1.66184
8119.82	1.66154
8120.82	1.66119
8121.82	1.66229
8122.82	1.66397
8123.82	1.66423
8124.82	1.66325
8125.82	1.6635
8126.82	1.66387
8127.82	1.66414
8128.82	1.66607
8129.82	1.66653
8130.82	1.66644
8131.82	1.66744
8132.82	1.66664
8133.82	1.66639
8134.82	1.66751
8135.82	1.66814
8136.82	1.66812
8137.82	1.66656
8138.82	1.665
8139.82	1.66552
8140.82	1.66571
8141.82	1.6657
8142.82	1.66548
8143.82	1.66595
8144.82	1.666
8145.82	1.66615
8146.82	1.66634
8147.82	1.66621
8148.82	1.66585
8149.82	1.66668
8150.82	1.66664
8151.82	1.66473
8152.82	1.66304
8153.82	1.66353
8154.82	1.66442
8155.82	1.66286
8156.82	1.65962
8157.82	1.65936
8158.82	1.65831
8159.82	1.65711
8160.82	1.65546
8161.82	1.65438
8162.82	1.65291
8163.82	1.65128
8164.82	1.64894
8165.82	1.6481
8166.82	1.64793
8167.82	1.64586
8168.82	1.64419
8169.82	1.64202
8170.82	1.64073
8171.82	1.63978
8172.82	1.63877
8173.82	1.63802
8174.82	1.63875
8175.82	1.63671
8176.82	1.63289
8177.82	1.63159
8178.82	1.63096
8179.82	1.62962
8180.82	1.62917
8181.82	1.62888
8182.82	1.62739
8183.82	1.62623
8184.82	1.6249
8185.82	1.6247
8186.82	1.62484
8187.82	1.6239
8188.82	1.62243
8189.82	1.62057
8190.82	1.61985
8191.82	1.61883
8192.82	1.61725
8193.82	1.61522
8194.82	1.61379
8195.82	1.61301
8196.82	1.61292
8197.82	1.61359
8198.82	1.61205
8199.82	1.61045
