# Energies_eV	Fe-powdre_3.2mg/cm2
7011.45	0.32997
7012.45	0.32965
7013.45	0.32924
7014.45	0.32953
7015.45	0.33016
7016.45	0.33026
7017.45	0.32991
7018.45	0.33083
7019.45	0.33182
7020.45	0.32941
7021.45	0.32939
7022.45	0.33002
7023.45	0.32964
7024.45	0.32984
7025.45	0.33023
7026.45	0.33099
7027.45	0.33132
7028.45	0.33139
7029.45	0.33101
7030.45	0.32983
7031.45	0.32961
7032.45	0.33034
7033.45	0.33022
7034.45	0.33073
7035.45	0.32964
7036.45	0.32951
7037.45	0.32919
7038.45	0.33069
7039.45	0.33428
7040.45	0.33409
7041.45	0.3338
7042.45	0.33624
7043.45	0.33368
7044.45	0.33068
7045.45	0.33133
7046.45	0.3315
7047.45	0.32863
7048.45	0.32771
7049.45	0.32741
7050.45	0.32652
7051.45	0.32538
7052.45	0.32296
7053.45	0.32178
7054.45	0.32016
7055.45	0.32635
7056.45	0.33798
7057.45	0.33923
7058.45	0.33991
7059.45	0.33371
7060.45	0.33112
7061.45	0.32811
7062.45	0.32804
7063.45	0.32746
7064.45	0.32694
7065.45	0.32669
7066.45	0.32689
7067.45	0.32617
7068.45	0.32534
7069.45	0.32538
7070.45	0.32586
7071.45	0.32467
7072.45	0.32463
7073.45	0.32395
7074.45	0.32403
7075.45	0.32413
7076.45	0.32339
7077.45	0.32331
7078.45	0.32394
7079.45	0.3239
7080.45	0.3239
7081.45	0.32385
7082.45	0.32383
7083.45	0.32331
7084.45	0.32362
7085.45	0.32429
7086.45	0.32384
7087.45	0.323
7088.45	0.32414
7089.45	0.32449
7090.45	0.324
7091.45	0.32364
7092.45	0.3245
7093.45	0.32479
7094.45	0.32497
7095.45	0.32633
7096.45	0.32686
7097.45	0.32737
7098.45	0.32745
7099.45	0.32835
7100.45	0.32987
7101.45	0.33143
7102.45	0.33395
7103.45	0.33512
7104.45	0.33988
7105.45	0.34394
7106.45	0.35116
7107.45	0.37075
7108.45	0.38983
7109.45	0.46813
7110.45	0.51008
7111.45	0.59727
7112.45	0.63668
7113.45	0.68348
7114.45	0.71935
7115.45	0.74316
7116.45	0.80755
7117.45	0.84685
7118.45	0.92945
7119.45	0.98701
7120.45	1.04685
7121.45	1.10951
7122.45	1.14363
7123.45	1.19477
7124.45	1.2201
7125.45	1.26117
7126.45	1.29606
7127.45	1.32833
7128.45	1.36565
7129.45	1.38088
7130.45	1.38556
7131.45	1.37644
7132.45	1.35944
7133.45	1.34351
7134.45	1.33096
7135.45	1.32341
7136.45	1.32184
7137.45	1.32776
7138.45	1.33289
7139.45	1.33988
7140.45	1.3418
7141.45	1.34255
7142.45	1.34314
7143.45	1.34433
7144.45	1.34868
7145.45	1.35559
7146.45	1.36398
7147.45	1.37319
7148.45	1.38231
7149.45	1.39202
7150.45	1.3968
7151.45	1.40148
7152.45	1.40319
7153.45	1.40433
7154.45	1.4046
7155.45	1.40403
7156.45	1.4013
7157.45	1.39958
7158.45	1.3999
7159.45	1.39951
7160.45	1.39723
7161.45	1.39554
7162.45	1.39262
7163.45	1.38893
7164.45	1.38733
7165.45	1.3858
7166.45	1.3835
7167.45	1.38018
7168.45	1.37778
7169.45	1.37584
7170.45	1.3698
7171.45	1.36507
7172.45	1.3584
7173.45	1.35246
7174.45	1.34462
7175.45	1.33738
7176.45	1.33044
7177.45	1.32262
7178.45	1.31869
7179.45	1.31571
7180.45	1.31464
7181.45	1.31424
7182.45	1.31504
7183.45	1.31617
7184.45	1.32114
7185.45	1.3255
7186.45	1.333
7187.45	1.33859
7188.45	1.34675
7189.45	1.35368
7190.45	1.36093
7191.45	1.369
7192.45	1.37444
7193.45	1.37868
7194.45	1.37984
7195.45	1.37909
7196.45	1.37626
7197.45	1.37151
7198.45	1.36535
7199.45	1.3594
7200.45	1.35012
7201.45	1.34299
7202.45	1.33174
7203.45	1.32505
7204.45	1.31603
7205.45	1.31025
7206.45	1.30554
7207.45	1.30404
7208.45	1.30488
7209.45	1.31146
7210.45	1.31956
7211.45	1.33425
7212.45	1.34841
7213.45	1.36738
7214.45	1.38604
7215.45	1.40178
7216.45	1.42141
7217.45	1.434
7218.45	1.44852
7219.45	1.45557
7220.45	1.46134
7221.45	1.46217
7222.45	1.46035
7223.45	1.45396
7224.45	1.44663
7225.45	1.43237
7226.45	1.4225
7227.45	1.40563
7228.45	1.39337
7229.45	1.37574
7230.45	1.36091
7231.45	1.34557
7232.45	1.33002
7233.45	1.31834
7234.45	1.30502
7235.45	1.29827
7236.45	1.28908
7237.45	1.28398
7238.45	1.279
7239.45	1.27783
7240.45	1.27724
7241.45	1.27879
7242.45	1.2808
7243.45	1.28549
7244.45	1.28815
7245.45	1.29306
7246.45	1.29747
7247.45	1.30146
7248.45	1.30395
7249.45	1.30637
7250.45	1.30731
7251.45	1.30754
7252.45	1.30692
7253.45	1.30532
7254.45	1.30247
7255.45	1.30104
7256.45	1.29983
7257.45	1.30055
7258.45	1.30186
7259.45	1.30337
7260.45	1.30457
7261.45	1.3088
7262.45	1.31143
7263.45	1.3145
7264.45	1.31608
7265.45	1.31764
7266.45	1.3202
7267.45	1.32338
7268.45	1.32717
7269.45	1.33066
7270.45	1.33633
7271.45	1.34032
7272.45	1.34555
7273.45	1.34915
7274.45	1.35407
7275.45	1.35694
7276.45	1.36039
7277.45	1.36387
7278.45	1.36663
7279.45	1.36941
7280.45	1.37156
7281.45	1.37569
7282.45	1.37859
7283.45	1.38304
7284.45	1.38609
7285.45	1.38951
7286.45	1.39211
7287.45	1.39414
7288.45	1.39431
7289.45	1.39445
7290.45	1.39313
7291.45	1.38991
7292.45	1.38381
7293.45	1.37889
7294.45	1.37138
7295.45	1.36406
7296.45	1.35501
7297.45	1.34685
7298.45	1.33918
7299.45	1.33026
7300.45	1.32385
7301.45	1.31579
7302.45	1.31107
7303.45	1.30444
7304.45	1.30014
7305.45	1.29532
7306.45	1.29121
7307.45	1.28658
7308.45	1.28368
7309.45	1.28226
7310.45	1.28175
7311.45	1.28061
7312.45	1.27965
7313.45	1.27983
7314.45	1.27949
7315.45	1.27923
7316.45	1.2795
7317.45	1.27929
7318.45	1.27918
7319.45	1.2789
7320.45	1.27814
7321.45	1.27758
7322.45	1.27757
7323.45	1.27676
7324.45	1.27561
7325.45	1.27549
7326.45	1.27587
7327.45	1.2757
7328.45	1.27566
7329.45	1.27565
7330.45	1.27463
7331.45	1.27289
7332.45	1.27155
7333.45	1.27054
7334.45	1.26833
7335.45	1.26658
7336.45	1.2647
7337.45	1.2645
7338.45	1.26415
7339.45	1.26407
7340.45	1.2646
7341.45	1.26515
7342.45	1.26614
7343.45	1.26803
7344.45	1.27026
7345.45	1.274
7346.45	1.27751
7347.45	1.28234
7348.45	1.28596
7349.45	1.29195
7350.45	1.29517
7351.45	1.29946
7352.45	1.30319
7353.45	1.30739
7354.45	1.31087
7355.45	1.31508
7356.45	1.31949
7357.45	1.32299
7358.45	1.32656
7359.45	1.32944
7360.45	1.3329
7361.45	1.33526
7362.45	1.3382
7363.45	1.33919
7364.45	1.34052
7365.45	1.34178
7366.45	1.34256
7367.45	1.34229
7368.45	1.34155
7369.45	1.34066
7370.45	1.33921
7371.45	1.33643
7372.45	1.33411
7373.45	1.32849
7374.45	1.32469
7375.45	1.3183
7376.45	1.31319
7377.45	1.30575
7378.45	1.29969
7379.45	1.29114
7380.45	1.28394
7381.45	1.27587
7382.45	1.26877
7383.45	1.26228
7384.45	1.25645
7385.45	1.25228
7386.45	1.24793
7387.45	1.245
7388.45	1.24166
7389.45	1.24083
7390.45	1.24011
7391.45	1.23944
7392.45	1.23956
7393.45	1.24047
7394.45	1.24078
7395.45	1.2418
7396.45	1.24384
7397.45	1.24484
7398.45	1.24529
7399.45	1.2449
7400.45	1.24462
7401.45	1.24493
7402.45	1.24491
7403.45	1.24507
7404.45	1.24506
7405.45	1.24501
7406.45	1.24418
7407.45	1.24311
7408.45	1.24361
7409.45	1.24506
7410.45	1.24528
7411.45	1.24536
7412.45	1.2457
7413.45	1.24527
7414.45	1.24476
7415.45	1.24439
7416.45	1.24451
7417.45	1.24456
7418.45	1.24429
7419.45	1.24444
7420.45	1.24361
7421.45	1.24277
7422.45	1.24145
7423.45	1.24023
7424.45	1.23899
7425.45	1.23766
7426.45	1.23587
7427.45	1.23571
7428.45	1.23502
7429.45	1.23401
7430.45	1.23364
7431.45	1.23322
7432.45	1.23265
7433.45	1.2329
7434.45	1.23289
7435.45	1.23218
7436.45	1.23282
7437.45	1.23452
7438.45	1.23567
7439.45	1.23698
7440.45	1.23677
7441.45	1.23706
7442.45	1.2392
7443.45	1.2424
7444.45	1.24395
7445.45	1.24604
7446.45	1.24785
7447.45	1.24981
7448.45	1.2508
7449.45	1.25222
7450.45	1.25397
7451.45	1.25437
7452.45	1.25464
7453.45	1.25622
7454.45	1.256
7455.45	1.25561
7456.45	1.25565
7457.45	1.25539
7458.45	1.25395
7459.45	1.25321
7460.45	1.25347
7461.45	1.25393
7462.45	1.25401
7463.45	1.25441
7464.45	1.25444
7465.45	1.25329
7466.45	1.25107
7467.45	1.24895
7468.45	1.24641
7469.45	1.24319
7470.45	1.24046
7471.45	1.23849
7472.45	1.23598
7473.45	1.23298
7474.45	1.23058
7475.45	1.22636
7476.45	1.22397
7477.45	1.22409
7478.45	1.22355
7479.45	1.22374
7480.45	1.22469
7481.45	1.22578
7482.45	1.22474
7483.45	1.22187
7484.45	1.21944
7485.45	1.21458
7486.45	1.21255
7487.45	1.21072
7488.45	1.2084
7489.45	1.20482
7490.45	1.20299
7491.45	1.20195
7492.45	1.20056
7493.45	1.19846
7494.45	1.19785
7495.45	1.19682
7496.45	1.19581
7497.45	1.19528
7498.45	1.19464
7499.45	1.19402
7500.45	1.19344
7501.45	1.19246
7502.45	1.19288
7503.45	1.19317
7504.45	1.19345
7505.45	1.1934
7506.45	1.19377
7507.45	1.19422
7508.45	1.19239
7509.45	1.19105
7510.45	1.19072
7511.45	1.19135
7512.45	1.19083
7513.45	1.19041
7514.45	1.19011
7515.45	1.1896
7516.45	1.18882
7517.45	1.18833
7518.45	1.18778
7519.45	1.18729
7520.45	1.18721
7521.45	1.18703
7522.45	1.18621
7523.45	1.18474
7524.45	1.18401
7525.45	1.18392
7526.45	1.18456
7527.45	1.18548
7528.45	1.18497
7529.45	1.18479
7530.45	1.18504
7531.45	1.18358
7532.45	1.18307
7533.45	1.18376
7534.45	1.18326
7535.45	1.18262
7536.45	1.18371
7537.45	1.18273
7538.45	1.18226
7539.45	1.18165
7540.45	1.17984
7541.45	1.17905
7542.45	1.17873
7543.45	1.17929
7544.45	1.17831
7545.45	1.17767
7546.45	1.17775
7547.45	1.17675
7548.45	1.17638
7549.45	1.17667
7550.45	1.1776
7551.45	1.17582
7552.45	1.17443
7553.45	1.17602
7554.45	1.17771
7555.45	1.17805
7556.45	1.17812
7557.45	1.17769
7558.45	1.17812
7559.45	1.17883
7560.45	1.17844
7561.45	1.17987
7562.45	1.18012
7563.45	1.17922
7564.45	1.17914
7565.45	1.17839
7566.45	1.17804
7567.45	1.17759
7568.45	1.17579
7569.45	1.17441
7570.45	1.17371
7571.45	1.173
7572.45	1.17223
7573.45	1.17137
7574.45	1.16963
7575.45	1.16894
7576.45	1.1687
7577.45	1.16707
7578.45	1.16614
7579.45	1.16519
7580.45	1.16357
7581.45	1.16107
7582.45	1.16099
7583.45	1.16014
7584.45	1.15735
7585.45	1.15697
7586.45	1.15588
7587.45	1.15452
7588.45	1.15298
7589.45	1.15185
7590.45	1.15194
7591.45	1.15279
7592.45	1.1528
7593.45	1.15176
7594.45	1.14978
7595.45	1.14794
7596.45	1.147
7597.45	1.14807
7598.45	1.14883
7599.45	1.14733
7600.45	1.14635
7601.45	1.14586
7602.45	1.14409
7603.45	1.14285
7604.45	1.14388
7605.45	1.14525
7606.45	1.14426
7607.45	1.14383
7608.45	1.14248
7609.45	1.14025
7610.45	1.13922
7611.45	1.1402
7612.45	1.13999
7613.45	1.13862
7614.45	1.13783
7615.45	1.13898
7616.45	1.139
7617.45	1.13758
7618.45	1.13558
7619.45	1.13455
7620.45	1.13562
7621.45	1.13674
7622.45	1.13625
7623.45	1.135
7624.45	1.13337
7625.45	1.13254
7626.45	1.13262
7627.45	1.13232
7628.45	1.13101
7629.45	1.13045
7630.45	1.13122
7631.45	1.13187
7632.45	1.12998
7633.45	1.12797
7634.45	1.12713
7635.45	1.12724
7636.45	1.12852
7637.45	1.12833
7638.45	1.12595
7639.45	1.12554
7640.45	1.12397
7641.45	1.12203
7642.45	1.12121
7643.45	1.12243
7644.45	1.12242
7645.45	1.12079
7646.45	1.11939
7647.45	1.11824
7648.45	1.11816
7649.45	1.11844
7650.45	1.11711
7651.45	1.11652
7652.45	1.11693
7653.45	1.11602
7654.45	1.11505
7655.45	1.11653
7656.45	1.11687
7657.45	1.11559
7658.45	1.11471
7659.45	1.1143
7660.45	1.11311
7661.45	1.11292
7662.45	1.11397
7663.45	1.11371
7664.45	1.11208
7665.45	1.11129
7666.45	1.11289
7667.45	1.11239
7668.45	1.11092
7669.45	1.11159
7670.45	1.11327
7671.45	1.11318
7672.45	1.11114
7673.45	1.11019
7674.45	1.10979
7675.45	1.10996
7676.45	1.11021
7677.45	1.11107
7678.45	1.10973
7679.45	1.10733
7680.45	1.10762
7681.45	1.10762
7682.45	1.10793
7683.45	1.10725
7684.45	1.10566
7685.45	1.10587
7686.45	1.10775
7687.45	1.10794
7688.45	1.10652
7689.45	1.10444
7690.45	1.10302
7691.45	1.10219
7692.45	1.10188
7693.45	1.10137
7694.45	1.10035
7695.45	1.10108
7696.45	1.10158
7697.45	1.10021
7698.45	1.09924
7699.45	1.09842
7700.45	1.09751
7701.45	1.09684
7702.45	1.09688
7703.45	1.09716
7704.45	1.09721
7705.45	1.09677
7706.45	1.09616
7707.45	1.09444
7708.45	1.09264
7709.45	1.09185
7710.45	1.09182
7711.45	1.09063
7712.45	1.09049
7713.45	1.09071
7714.45	1.09055
7715.45	1.0893
7716.45	1.08878
7717.45	1.08763
7718.45	1.08708
7719.45	1.08777
7720.45	1.0877
7721.45	1.08692
7722.45	1.08514
7723.45	1.08422
7724.45	1.08398
7725.45	1.08362
7726.45	1.08182
7727.45	1.08138
7728.45	1.08157
7729.45	1.08071
7730.45	1.07956
7731.45	1.07951
7732.45	1.08078
7733.45	1.08097
7734.45	1.07938
7735.45	1.07856
7736.45	1.07906
7737.45	1.07829
7738.45	1.07513
7739.45	1.07377
7740.45	1.0742
7741.45	1.0735
7742.45	1.07275
7743.45	1.0741
7744.45	1.07404
7745.45	1.07204
7746.45	1.07241
7747.45	1.07372
7748.45	1.073
7749.45	1.07175
7750.45	1.07173
7751.45	1.07091
7752.45	1.06911
7753.45	1.06911
7754.45	1.06963
7755.45	1.06848
7756.45	1.06855
7757.45	1.06768
7758.45	1.06709
7759.45	1.06725
7760.45	1.0653
7761.45	1.06489
7762.45	1.06455
7763.45	1.06437
7764.45	1.06352
7765.45	1.06112
7766.45	1.06154
7767.45	1.06188
7768.45	1.05964
7769.45	1.05872
7770.45	1.05998
7771.45	1.05918
7772.45	1.05853
7773.45	1.05987
7774.45	1.05885
7775.45	1.05793
7776.45	1.05834
7777.45	1.05807
7778.45	1.05806
7779.45	1.05668
7780.45	1.05439
7781.45	1.05342
7782.45	1.0537
7783.45	1.05364
7784.45	1.05382
7785.45	1.0552
7786.45	1.05396
7787.45	1.05139
7788.45	1.05121
7789.45	1.05041
7790.45	1.04833
7791.45	1.04761
7792.45	1.04723
7793.45	1.04658
7794.45	1.04641
7795.45	1.04783
7796.45	1.04783
7797.45	1.04815
7798.45	1.04851
7799.45	1.04659
7800.45	1.04603
7801.45	1.04568
7802.45	1.04486
7803.45	1.04591
7804.45	1.04663
7805.45	1.04581
7806.45	1.04582
7807.45	1.0446
7808.45	1.04339
7809.45	1.04327
7810.45	1.04237
7811.45	1.04197
7812.45	1.04255
7813.45	1.04323
7814.45	1.04263
7815.45	1.04153
7816.45	1.04058
7817.45	1.03911
7818.45	1.03887
7819.45	1.04016
7820.45	1.0407
7821.45	1.039
7822.45	1.03839
7823.45	1.03942
7824.45	1.03695
7825.45	1.03498
7826.45	1.03543
7827.45	1.03653
7828.45	1.03584
7829.45	1.03403
7830.45	1.03418
7831.45	1.03363
7832.45	1.03329
7833.45	1.03268
7834.45	1.03273
7835.45	1.03261
7836.45	1.03191
7837.45	1.03215
7838.45	1.03164
7839.45	1.0309
7840.45	1.03095
7841.45	1.03056
7842.45	1.02927
7843.45	1.02732
7844.45	1.02734
7845.45	1.02647
7846.45	1.02691
7847.45	1.0284
7848.45	1.02732
7849.45	1.0253
7850.45	1.02423
7851.45	1.02317
7852.45	1.02281
7853.45	1.02285
7854.45	1.02367
7855.45	1.02316
7856.45	1.02199
7857.45	1.02188
7858.45	1.02135
7859.45	1.02174
7860.45	1.02093
7861.45	1.01915
7862.45	1.01833
7863.45	1.01857
7864.45	1.01809
7865.45	1.01823
7866.45	1.01658
7867.45	1.01458
7868.45	1.01531
7869.45	1.01476
7870.45	1.01381
7871.45	1.01354
7872.45	1.01407
7873.45	1.01388
7874.45	1.01441
7875.45	1.01511
7876.45	1.01323
7877.45	1.01188
7878.45	1.01236
7879.45	1.01185
7880.45	1.0126
7881.45	1.01443
7882.45	1.0116
7883.45	1.00775
7884.45	1.00655
7885.45	1.00615
7886.45	1.00748
7887.45	1.00705
7888.45	1.00425
7889.45	1.00312
7890.45	1.00383
7891.45	1.00457
7892.45	1.00502
7893.45	1.00594
7894.45	1.00577
7895.45	1.00358
7896.45	1.00334
7897.45	1.0029
7898.45	1.00155
7899.45	1.00052
7900.45	0.99988
7901.45	0.99969
7902.45	0.9982
7903.45	0.9975
7904.45	0.9967
7905.45	0.99708
7906.45	0.99848
7907.45	0.99897
7908.45	0.99847
7909.45	0.99784
7910.45	0.99635
7911.45	0.997
7912.45	0.99658
7913.45	0.99544
7914.45	0.9946
7915.45	0.9927
7916.45	0.99234
7917.45	0.99137
7918.45	0.99194
7919.45	0.99227
7920.45	0.99151
7921.45	0.99055
7922.45	0.99
7923.45	0.9888
7924.45	0.98836
7925.45	0.98959
7926.45	0.98968
7927.45	0.98905
7928.45	0.9878
7929.45	0.98559
7930.45	0.98699
7931.45	0.98829
7932.45	0.98588
7933.45	0.98493
7934.45	0.98535
7935.45	0.98496
7936.45	0.98623
7937.45	0.98656
7938.45	0.98406
7939.45	0.9853
7940.45	0.9854
7941.45	0.98257
7942.45	0.98185
7943.45	0.98
7944.45	0.97897
7945.45	0.97986
7946.45	0.97886
7947.45	0.97893
7948.45	0.98173
7949.45	0.98229
7950.45	0.97986
7951.45	0.97908
7952.45	0.97856
7953.45	0.97903
7954.45	0.97928
7955.45	0.97653
7956.45	0.97582
7957.45	0.97779
7958.45	0.97729
7959.45	0.97709
7960.45	0.97787
7961.45	0.97619
