# Energies_eV	Pt-foil-5mu
9994.99	1.20861
9995.99	1.23008
9996.99	1.21387
9997.99	1.19826
9998.99	1.21346
9999.99	1.23058
10000.99	1.22516
10001.99	1.22422
10002.99	1.23402
10003.99	1.22063
10004.99	1.21423
10005.99	1.21584
10006.99	1.22133
10007.99	1.22026
10008.99	1.21643
10009.99	1.21555
10010.99	1.23307
10011.99	1.22628
10012.99	1.21363
10013.99	1.21171
10014.99	1.2095
10015.99	1.20627
10016.99	1.21073
10017.99	1.21886
10018.99	1.22235
10019.99	1.21556
10020.99	1.21459
10021.99	1.21406
10022.99	1.21125
10023.99	1.20983
10024.99	1.20664
10025.99	1.20831
10026.99	1.21104
10027.99	1.21011
10028.99	1.20869
10029.99	1.21233
10030.99	1.21335
10031.99	1.21602
10032.99	1.21347
10033.99	1.20977
10034.99	1.21149
10035.99	1.21667
10036.99	1.21544
10037.99	1.21301
10038.99	1.21282
10039.99	1.20484
10040.99	1.20115
10041.99	1.20551
10042.99	1.21103
10043.99	1.20954
10044.99	1.20417
10045.99	1.20562
10046.99	1.20737
10047.99	1.20568
10048.99	1.20485
10049.99	1.2071
10050.99	1.20694
10051.99	1.20673
10052.99	1.20558
10053.99	1.20453
10054.99	1.20728
10055.99	1.20839
10056.99	1.20584
10057.99	1.20554
10058.99	1.20959
10059.99	1.20903
10060.99	1.20325
10061.99	1.19887
10062.99	1.19821
10063.99	1.20069
10064.99	1.19896
10065.99	1.20017
10066.99	1.20538
10067.99	1.20696
10068.99	1.20479
10069.99	1.20247
10070.99	1.20443
10071.99	1.20599
10072.99	1.20272
10073.99	1.19985
10074.99	1.19986
10075.99	1.20123
10076.99	1.19988
10077.99	1.20047
10078.99	1.19995
10079.99	1.19625
10080.99	1.1987
10081.99	1.19992
10082.99	1.20346
10083.99	1.20734
10084.99	1.20473
10085.99	1.20011
10086.99	1.19285
10087.99	1.19024
10088.99	1.19115
10089.99	1.19379
10090.99	1.19587
10091.99	1.19652
10092.99	1.19271
10093.99	1.18902
10094.99	1.18902
10095.99	1.1913
10096.99	1.19206
10097.99	1.19532
10098.99	1.19755
10099.99	1.19056
10100.99	1.19045
10101.99	1.19245
10102.99	1.19061
10103.99	1.19059
10104.99	1.19397
10105.99	1.19198
10106.99	1.18449
10107.99	1.18407
10108.99	1.18645
10109.99	1.18907
10110.99	1.19291
10111.99	1.19349
10112.99	1.19556
10113.99	1.19372
10114.99	1.19403
10115.99	1.1948
10116.99	1.19084
10117.99	1.19213
10118.99	1.19692
10119.99	1.19152
10120.99	1.18791
10121.99	1.18842
10122.99	1.18964
10123.99	1.18847
10124.99	1.18307
10125.99	1.18102
10126.99	1.18353
10127.99	1.18642
10128.99	1.1862
10129.99	1.18676
10130.99	1.1832
10131.99	1.18082
10132.99	1.18245
10133.99	1.18368
10134.99	1.18134
10135.99	1.18024
10136.99	1.18107
10137.99	1.18397
10138.99	1.18506
10139.99	1.18602
10140.99	1.18458
10141.99	1.1852
10142.99	1.18909
10143.99	1.18752
10144.99	1.18481
10145.99	1.17984
10146.99	1.17765
10147.99	1.17924
10148.99	1.17652
10149.99	1.17496
10150.99	1.17464
10151.99	1.17299
10152.99	1.17935
10153.99	1.19013
10154.99	1.18652
10155.99	1.17513
10156.99	1.1759
10157.99	1.18186
10158.99	1.18285
10159.99	1.18141
10160.99	1.17768
10161.99	1.17659
10162.99	1.1754
10163.99	1.17646
10164.99	1.17486
10165.99	1.17408
10166.99	1.17174
10167.99	1.17175
10168.99	1.17052
10169.99	1.16881
10170.99	1.17409
10171.99	1.18193
10172.99	1.17865
10173.99	1.17389
10174.99	1.16999
10175.99	1.17129
10176.99	1.17041
10177.99	1.17124
10178.99	1.17578
10179.99	1.17671
10180.99	1.17045
10181.99	1.16871
10182.99	1.16802
10183.99	1.16638
10184.99	1.17471
10185.99	1.18017
10186.99	1.17518
10187.99	1.16804
10188.99	1.16678
10189.99	1.16584
10190.99	1.17084
10191.99	1.17123
10192.99	1.16501
10193.99	1.16629
10194.99	1.16998
10195.99	1.16942
10196.99	1.1723
10197.99	1.17441
10198.99	1.17478
10199.99	1.17055
10200.99	1.16832
10201.99	1.16984
10202.99	1.16973
10203.99	1.16762
10204.99	1.16622
10205.99	1.16534
10206.99	1.16526
10207.99	1.16313
10208.99	1.16499
10209.99	1.16284
10210.99	1.15796
10211.99	1.15936
10212.99	1.16482
10213.99	1.16623
10214.99	1.1604
10215.99	1.15531
10216.99	1.15909
10217.99	1.16596
10218.99	1.16728
10219.99	1.16198
10220.99	1.15689
10221.99	1.15256
10222.99	1.15653
10223.99	1.15838
10224.99	1.15776
10225.99	1.15643
10226.99	1.15561
10227.99	1.15578
10228.99	1.15701
10229.99	1.15719
10230.99	1.15964
10231.99	1.16053
10232.99	1.15167
10233.99	1.14896
10234.99	1.15428
10235.99	1.15773
10236.99	1.15712
10237.99	1.15906
10238.99	1.16061
10239.99	1.15606
10240.99	1.15205
10241.99	1.15163
10242.99	1.15176
10243.99	1.15558
10244.99	1.15682
10245.99	1.15621
10246.99	1.15477
10247.99	1.15439
10248.99	1.15309
10249.99	1.15386
10250.99	1.14833
10251.99	1.1463
10252.99	1.14588
10253.99	1.14829
10254.99	1.15004
10255.99	1.15158
10256.99	1.15176
10257.99	1.14885
10258.99	1.14376
10259.99	1.14223
10260.99	1.14353
10261.99	1.14604
10262.99	1.15108
10263.99	1.14929
10264.99	1.14231
10265.99	1.14113
10266.99	1.14095
10267.99	1.14233
10268.99	1.14251
10269.99	1.14703
10270.99	1.14816
10271.99	1.14688
10272.99	1.14472
10273.99	1.14109
10274.99	1.13894
10275.99	1.14155
10276.99	1.14668
10277.99	1.14713
10278.99	1.14471
10279.99	1.14091
10280.99	1.13991
10281.99	1.1443
10282.99	1.14422
10283.99	1.14049
10284.99	1.13957
10285.99	1.14124
10286.99	1.14431
10287.99	1.14594
10288.99	1.14287
10289.99	1.13603
10290.99	1.135
10291.99	1.13529
10292.99	1.13587
10293.99	1.13862
10294.99	1.14004
10295.99	1.13537
10296.99	1.13442
10297.99	1.13483
10298.99	1.13788
10299.99	1.14207
10300.99	1.14153
10301.99	1.14024
10302.99	1.13732
10303.99	1.13445
10304.99	1.14019
10305.99	1.13881
10306.99	1.13263
10307.99	1.13213
10308.99	1.1346
10309.99	1.13351
10310.99	1.13191
10311.99	1.1314
10312.99	1.13066
10313.99	1.13284
10314.99	1.13397
10315.99	1.1332
10316.99	1.13324
10317.99	1.13201
10318.99	1.13291
10319.99	1.13385
10320.99	1.13466
10321.99	1.13328
10322.99	1.13405
10323.99	1.13645
10324.99	1.13346
10325.99	1.12725
10326.99	1.12317
10327.99	1.12822
10328.99	1.12831
10329.99	1.12479
10330.99	1.12617
10331.99	1.12565
10332.99	1.12536
10333.99	1.12812
10334.99	1.12838
10335.99	1.1262
10336.99	1.12369
10337.99	1.1236
10338.99	1.12438
10339.99	1.12433
10340.99	1.12408
10341.99	1.12318
10342.99	1.12321
10343.99	1.12252
10344.99	1.12529
10345.99	1.12625
10346.99	1.12547
10347.99	1.1235
10348.99	1.12429
10349.99	1.12541
10350.99	1.12401
10351.99	1.12393
10352.99	1.12233
10353.99	1.12295
10354.99	1.12217
10355.99	1.11934
10356.99	1.11745
10357.99	1.11696
10358.99	1.11804
10359.99	1.12054
10360.99	1.12163
10361.99	1.12568
10362.99	1.12705
10363.99	1.12124
10364.99	1.11676
10365.99	1.11942
10366.99	1.11869
10367.99	1.11995
10368.99	1.11716
10369.99	1.11419
10370.99	1.11598
10371.99	1.12139
10372.99	1.12112
10373.99	1.11675
10374.99	1.11449
10375.99	1.11606
10376.99	1.11668
10377.99	1.11703
10378.99	1.11557
10379.99	1.11827
10380.99	1.11496
10381.99	1.10974
10382.99	1.11059
10383.99	1.11456
10384.99	1.11163
10385.99	1.10748
10386.99	1.10997
10387.99	1.11607
10388.99	1.1155
10389.99	1.11601
10390.99	1.1172
10391.99	1.11694
10392.99	1.11284
10393.99	1.10964
10394.99	1.11197
10395.99	1.11135
10396.99	1.10893
10397.99	1.10708
10398.99	1.10924
10399.99	1.10692
10400.99	1.10692
10401.99	1.10669
10402.99	1.10363
10403.99	1.10273
10404.99	1.10404
10405.99	1.1057
10406.99	1.10386
10407.99	1.10493
10408.99	1.1036
10409.99	1.10337
10410.99	1.10396
10411.99	1.1064
10412.99	1.10592
10413.99	1.10544
10414.99	1.10733
10415.99	1.11047
10416.99	1.10847
10417.99	1.1017
10418.99	1.0999
10419.99	1.09852
10420.99	1.10053
10421.99	1.09995
10422.99	1.10043
10423.99	1.10355
10424.99	1.1025
10425.99	1.10225
10426.99	1.10572
10427.99	1.10724
10428.99	1.10396
10429.99	1.09892
10430.99	1.09587
10431.99	1.09875
10432.99	1.10242
10433.99	1.10021
10434.99	1.09645
10435.99	1.09943
10436.99	1.10232
10437.99	1.09892
10438.99	1.09602
10439.99	1.09803
10440.99	1.09885
10441.99	1.09968
10442.99	1.09889
10443.99	1.09656
10444.99	1.09931
10445.99	1.10237
10446.99	1.097
10447.99	1.09551
10448.99	1.09763
10449.99	1.09964
10450.99	1.09964
10451.99	1.09725
10452.99	1.09459
10453.99	1.08965
10454.99	1.09084
10455.99	1.09378
10456.99	1.09537
10457.99	1.09427
10458.99	1.09775
10459.99	1.09668
10460.99	1.09327
10461.99	1.09072
10462.99	1.09282
10463.99	1.09334
10464.99	1.09201
10465.99	1.09247
10466.99	1.09343
10467.99	1.09014
10468.99	1.08471
10469.99	1.08452
10470.99	1.09352
10471.99	1.09516
10472.99	1.09482
10473.99	1.09195
10474.99	1.08809
10475.99	1.08903
10476.99	1.08924
10477.99	1.08874
10478.99	1.08716
10479.99	1.08511
10480.99	1.08381
10481.99	1.08617
10482.99	1.08647
10483.99	1.08514
10484.99	1.08243
10485.99	1.08524
10486.99	1.08849
10487.99	1.08775
10488.99	1.08755
10489.99	1.08317
10490.99	1.0816
10491.99	1.08271
10492.99	1.0862
10493.99	1.089
10494.99	1.08575
10495.99	1.0799
10496.99	1.08155
10497.99	1.08245
10498.99	1.08114
10499.99	1.08019
10500.99	1.07915
10501.99	1.07457
10502.99	1.07463
10503.99	1.08005
10504.99	1.08206
10505.99	1.08078
10506.99	1.08005
10507.99	1.07884
10508.99	1.07803
10509.99	1.07557
10510.99	1.07358
10511.99	1.07436
10512.99	1.07555
10513.99	1.07668
10514.99	1.07698
10515.99	1.07267
10516.99	1.0731
10517.99	1.07597
10518.99	1.07952
10519.99	1.07375
10520.99	1.07313
10521.99	1.0719
10522.99	1.07071
10523.99	1.071
10524.99	1.07475
10525.99	1.07622
10526.99	1.07459
10527.99	1.07375
10528.99	1.07305
10529.99	1.0739
10530.99	1.07217
10531.99	1.07101
10532.99	1.07208
10533.99	1.07245
10534.99	1.07201
10535.99	1.07176
10536.99	1.06942
10537.99	1.06675
10538.99	1.06672
10539.99	1.07055
10540.99	1.06879
10541.99	1.06529
10542.99	1.06395
10543.99	1.06638
10544.99	1.06819
10545.99	1.0696
10546.99	1.06988
10547.99	1.07088
10548.99	1.0705
10549.99	1.06522
10550.99	1.06369
10551.99	1.06485
10552.99	1.07101
10553.99	1.07086
10554.99	1.06595
10555.99	1.06255
10556.99	1.06245
10557.99	1.06518
10558.99	1.06655
10559.99	1.06248
10560.99	1.05815
10561.99	1.05884
10562.99	1.06462
10563.99	1.06359
10564.99	1.06222
10565.99	1.06225
10566.99	1.0626
10567.99	1.06323
10568.99	1.06125
10569.99	1.06335
10570.99	1.06386
10571.99	1.06301
10572.99	1.06192
10573.99	1.063
10574.99	1.06194
10575.99	1.05965
10576.99	1.05846
10577.99	1.06205
10578.99	1.06681
10579.99	1.06751
10580.99	1.06094
10581.99	1.0572
10582.99	1.05783
10583.99	1.05699
10584.99	1.05423
10585.99	1.05437
10586.99	1.05718
10587.99	1.05793
10588.99	1.06037
10589.99	1.05847
10590.99	1.05722
10591.99	1.05953
10592.99	1.05938
10593.99	1.05784
10594.99	1.0576
10595.99	1.05872
10596.99	1.05881
10597.99	1.05756
10598.99	1.05875
10599.99	1.0569
10600.99	1.0517
10601.99	1.04956
10602.99	1.05178
10603.99	1.05575
10604.99	1.05304
10605.99	1.05155
10606.99	1.05015
10607.99	1.04763
10608.99	1.04621
10609.99	1.04651
10610.99	1.04563
10611.99	1.04838
10612.99	1.05293
10613.99	1.05445
10614.99	1.0521
10615.99	1.04741
10616.99	1.04555
10617.99	1.04873
10618.99	1.05102
10619.99	1.05265
10620.99	1.04913
10621.99	1.04932
10622.99	1.04973
10623.99	1.04758
10624.99	1.04441
10625.99	1.04271
10626.99	1.04008
10627.99	1.04398
10628.99	1.04901
10629.99	1.04565
10630.99	1.04158
10631.99	1.03909
10632.99	1.04139
10633.99	1.04706
10634.99	1.04894
10635.99	1.04555
10636.99	1.04118
10637.99	1.04155
10638.99	1.04171
10639.99	1.04129
10640.99	1.03809
10641.99	1.03986
10642.99	1.04028
10643.99	1.04175
10644.99	1.04025
10645.99	1.03653
10646.99	1.03801
10647.99	1.03957
10648.99	1.04022
10649.99	1.03878
10650.99	1.0388
10651.99	1.03815
10652.99	1.03654
10653.99	1.03531
10654.99	1.03658
10655.99	1.03683
10656.99	1.03771
10657.99	1.03668
10658.99	1.03586
10659.99	1.03618
10660.99	1.03857
10661.99	1.03783
10662.99	1.03473
10663.99	1.03538
10664.99	1.03522
10665.99	1.0346
10666.99	1.03489
10667.99	1.03522
10668.99	1.03482
10669.99	1.03497
10670.99	1.03618
10671.99	1.03377
10672.99	1.03256
10673.99	1.03335
10674.99	1.03533
10675.99	1.03405
10676.99	1.03623
10677.99	1.03545
10678.99	1.037
10679.99	1.03775
10680.99	1.03568
10681.99	1.03352
10682.99	1.03106
10683.99	1.02876
10684.99	1.02697
10685.99	1.02736
10686.99	1.02902
10687.99	1.02903
10688.99	1.02666
10689.99	1.02531
10690.99	1.02669
10691.99	1.029
10692.99	1.02527
10693.99	1.02309
10694.99	1.02405
10695.99	1.0279
10696.99	1.02812
10697.99	1.02789
10698.99	1.02502
10699.99	1.02386
10700.99	1.02289
10701.99	1.02152
10702.99	1.02314
10703.99	1.02572
10704.99	1.02657
10705.99	1.02285
10706.99	1.01999
10707.99	1.02066
10708.99	1.02341
10709.99	1.02228
10710.99	1.02183
10711.99	1.02158
10712.99	1.02576
10713.99	1.02591
10714.99	1.02271
10715.99	1.0187
10716.99	1.01751
10717.99	1.02162
10718.99	1.01987
10719.99	1.01847
10720.99	1.01714
10721.99	1.01846
10722.99	1.01954
10723.99	1.02127
10724.99	1.0193
10725.99	1.01934
10726.99	1.02041
10727.99	1.02049
10728.99	1.01805
10729.99	1.01433
10730.99	1.01439
10731.99	1.01436
10732.99	1.01354
10733.99	1.0136
10734.99	1.0153
10735.99	1.01329
10736.99	1.0116
10737.99	1.01449
10738.99	1.01951
10739.99	1.02197
10740.99	1.01901
10741.99	1.01554
10742.99	1.0144
10743.99	1.01325
10744.99	1.01176
10745.99	1.01305
10746.99	1.01314
10747.99	1.01427
10748.99	1.01246
10749.99	1.01392
10750.99	1.01577
10751.99	1.01723
10752.99	1.01785
10753.99	1.01671
10754.99	1.01278
10755.99	1.00787
10756.99	1.00677
10757.99	1.00776
10758.99	1.00577
10759.99	1.00816
10760.99	1.01325
10761.99	1.01679
10762.99	1.01393
10763.99	1.01193
10764.99	1.01042
10765.99	1.01117
10766.99	1.0113
10767.99	1.01002
10768.99	1.00908
10769.99	1.00741
10770.99	1.00743
10771.99	1.0071
10772.99	1.00318
10773.99	1.00294
10774.99	1.00369
10775.99	1.00655
10776.99	1.00661
10777.99	1.00742
10778.99	1.0069
10779.99	1.006
10780.99	1.00702
10781.99	1.00881
10782.99	1.00732
10783.99	1.00512
10784.99	1.00372
10785.99	1.0037
10786.99	1.00351
10787.99	1.00388
10788.99	1.00135
10789.99	0.99908
10790.99	0.99848
10791.99	0.99739
10792.99	0.99697
10793.99	0.99854
10794.99	0.99906
10795.99	0.99552
10796.99	0.99593
10797.99	0.99818
10798.99	0.99832
10799.99	0.99717
10800.99	0.99761
10801.99	0.99842
10802.99	0.99541
10803.99	0.99649
10804.99	0.99697
10805.99	0.99791
10806.99	0.99534
10807.99	0.99423
10808.99	0.99322
10809.99	0.99367
10810.99	0.99355
10811.99	0.99187
10812.99	0.98946
10813.99	0.98734
10814.99	0.98958
10815.99	0.98887
10816.99	0.98759
10817.99	0.98973
10818.99	0.99408
10819.99	0.99609
10820.99	0.99558
10821.99	0.99394
10822.99	0.99363
10823.99	0.99144
10824.99	0.99053
10825.99	0.98941
10826.99	0.98905
10827.99	0.99054
10828.99	0.99243
10829.99	0.99231
10830.99	0.99017
10831.99	0.98421
10832.99	0.98266
10833.99	0.98799
10834.99	0.9887
10835.99	0.98627
10836.99	0.98821
10837.99	0.99205
10838.99	0.9945
10839.99	0.99212
10840.99	0.98806
10841.99	0.98438
10842.99	0.98306
10843.99	0.98295
10844.99	0.98454
10845.99	0.98506
10846.99	0.98517
10847.99	0.98418
10848.99	0.98587
10849.99	0.98518
10850.99	0.98405
10851.99	0.98115
10852.99	0.98273
10853.99	0.98394
10854.99	0.9826
10855.99	0.98129
10856.99	0.98044
10857.99	0.97923
10858.99	0.97968
10859.99	0.98212
10860.99	0.98582
10861.99	0.98308
10862.99	0.9799
10863.99	0.9791
10864.99	0.97928
10865.99	0.9798
10866.99	0.98059
10867.99	0.98135
10868.99	0.9819
10869.99	0.98161
10870.99	0.98058
10871.99	0.97881
10872.99	0.98017
10873.99	0.98096
10874.99	0.97633
10875.99	0.9745
10876.99	0.97423
10877.99	0.97472
10878.99	0.97482
10879.99	0.97762
10880.99	0.97823
10881.99	0.9782
10882.99	0.97909
10883.99	0.97637
10884.99	0.97178
10885.99	0.96964
10886.99	0.97203
10887.99	0.9724
10888.99	0.9743
10889.99	0.97528
10890.99	0.97779
10891.99	0.97577
10892.99	0.97295
10893.99	0.97208
10894.99	0.97215
10895.99	0.96893
10896.99	0.96829
10897.99	0.96876
10898.99	0.96888
10899.99	0.96815
10900.99	0.96732
10901.99	0.96638
10902.99	0.96657
10903.99	0.96686
10904.99	0.9664
10905.99	0.96742
10906.99	0.96825
10907.99	0.9653
10908.99	0.96534
10909.99	0.96595
10910.99	0.96875
10911.99	0.9677
10912.99	0.96761
10913.99	0.96362
10914.99	0.96325
10915.99	0.96406
10916.99	0.9679
10917.99	0.9663
10918.99	0.96354
10919.99	0.96347
10920.99	0.9661
10921.99	0.96654
10922.99	0.96667
10923.99	0.96657
10924.99	0.96554
10925.99	0.96383
10926.99	0.96279
10927.99	0.96388
10928.99	0.96453
10929.99	0.96396
10930.99	0.9606
10931.99	0.95924
10932.99	0.95774
10933.99	0.95724
10934.99	0.9585
10935.99	0.9599
10936.99	0.9612
10937.99	0.96495
10938.99	0.96471
10939.99	0.96185
10940.99	0.95815
10941.99	0.9562
10942.99	0.95794
10943.99	0.95893
10944.99	0.95907
10945.99	0.9561
10946.99	0.95669
10947.99	0.9606
10948.99	0.96335
10949.99	0.96564
10950.99	0.9657
10951.99	0.96137
10952.99	0.95536
10953.99	0.95318
10954.99	0.9524
10955.99	0.95465
10956.99	0.95713
10957.99	0.95986
10958.99	0.95934
10959.99	0.95795
10960.99	0.95507
10961.99	0.95415
10962.99	0.95265
10963.99	0.9527
10964.99	0.95336
10965.99	0.94944
10966.99	0.94882
10967.99	0.949
10968.99	0.95282
10969.99	0.95389
10970.99	0.95556
10971.99	0.9539
10972.99	0.95221
10973.99	0.95127
10974.99	0.95054
10975.99	0.95224
10976.99	0.95076
10977.99	0.95064
10978.99	0.95083
10979.99	0.95114
10980.99	0.94959
10981.99	0.94856
10982.99	0.94871
10983.99	0.94749
10984.99	0.94902
10985.99	0.94948
10986.99	0.94817
10987.99	0.94646
10988.99	0.94839
10989.99	0.94917
10990.99	0.94783
10991.99	0.94733
10992.99	0.94776
10993.99	0.94824
10994.99	0.94647
10995.99	0.94623
10996.99	0.9458
10997.99	0.9478
10998.99	0.94824
10999.99	0.9458
11000.99	0.94489
11001.99	0.94774
11002.99	0.94565
11003.99	0.94419
11004.99	0.94291
11005.99	0.9448
11006.99	0.9449
11007.99	0.94112
11008.99	0.93958
11009.99	0.94217
11010.99	0.94474
11011.99	0.94479
11012.99	0.94032
11013.99	0.93844
11014.99	0.9386
11015.99	0.93893
11016.99	0.93854
11017.99	0.93926
11018.99	0.93928
11019.99	0.93502
11020.99	0.93539
11021.99	0.93961
11022.99	0.94035
11023.99	0.93804
11024.99	0.93615
11025.99	0.9351
11026.99	0.93548
11027.99	0.93626
11028.99	0.93779
11029.99	0.93802
11030.99	0.93592
11031.99	0.93453
11032.99	0.93383
11033.99	0.93472
11034.99	0.93254
11035.99	0.93336
11036.99	0.93376
11037.99	0.93525
11038.99	0.93437
11039.99	0.93093
11040.99	0.92901
11041.99	0.9294
11042.99	0.93111
11043.99	0.93249
11044.99	0.93407
11045.99	0.93381
11046.99	0.93174
11047.99	0.92989
11048.99	0.92949
11049.99	0.93106
11050.99	0.93047
11051.99	0.92933
11052.99	0.93001
11053.99	0.93101
11054.99	0.93148
11055.99	0.93096
11056.99	0.92848
11057.99	0.92847
11058.99	0.92732
11059.99	0.92788
11060.99	0.92712
11061.99	0.92681
11062.99	0.92503
11063.99	0.92465
11064.99	0.92651
11065.99	0.92767
11066.99	0.92884
11067.99	0.92814
11068.99	0.9293
11069.99	0.92999
11070.99	0.92904
11071.99	0.92462
11072.99	0.92302
11073.99	0.92574
11074.99	0.92721
11075.99	0.92676
11076.99	0.92295
11077.99	0.92129
11078.99	0.91976
11079.99	0.92061
11080.99	0.9216
11081.99	0.92269
11082.99	0.92198
11083.99	0.92188
11084.99	0.91858
11085.99	0.91913
11086.99	0.921
11087.99	0.92476
11088.99	0.92601
11089.99	0.92511
11090.99	0.92195
11091.99	0.92134
11092.99	0.92248
11093.99	0.92484
11094.99	0.92386
11095.99	0.92097
11096.99	0.91987
11097.99	0.92101
11098.99	0.92103
11099.99	0.92003
11100.99	0.91701
11101.99	0.91773
11102.99	0.91919
11103.99	0.91792
11104.99	0.91531
11105.99	0.9166
11106.99	0.92091
11107.99	0.92177
11108.99	0.91731
11109.99	0.91459
11110.99	0.91355
11111.99	0.91276
11112.99	0.91433
11113.99	0.91498
11114.99	0.91607
11115.99	0.9138
11116.99	0.91409
11117.99	0.91385
11118.99	0.9129
11119.99	0.91145
11120.99	0.91134
11121.99	0.91485
11122.99	0.91612
11123.99	0.91551
11124.99	0.91272
11125.99	0.91024
11126.99	0.90976
11127.99	0.91025
11128.99	0.91205
11129.99	0.9138
11130.99	0.91224
11131.99	0.91155
11132.99	0.90925
11133.99	0.90915
11134.99	0.90931
11135.99	0.91143
11136.99	0.91301
11137.99	0.91407
11138.99	0.91327
11139.99	0.91213
11140.99	0.90943
11141.99	0.9083
11142.99	0.90729
11143.99	0.90794
11144.99	0.90723
11145.99	0.90856
11146.99	0.90878
11147.99	0.90823
11148.99	0.90667
11149.99	0.90558
11150.99	0.90601
11151.99	0.90675
11152.99	0.90666
11153.99	0.90648
11154.99	0.90747
11155.99	0.90869
11156.99	0.90799
11157.99	0.90678
11158.99	0.90412
11159.99	0.90166
11160.99	0.90217
11161.99	0.90445
11162.99	0.90535
11163.99	0.90447
11164.99	0.90292
11165.99	0.90268
11166.99	0.90345
11167.99	0.90232
11168.99	0.9001
11169.99	0.8992
11170.99	0.89848
11171.99	0.89936
11172.99	0.89967
11173.99	0.90022
11174.99	0.8992
11175.99	0.89796
11176.99	0.89863
11177.99	0.89938
11178.99	0.90079
11179.99	0.89913
11180.99	0.89922
11181.99	0.89836
11182.99	0.89786
11183.99	0.89836
11184.99	0.89833
11185.99	0.89874
11186.99	0.89946
11187.99	0.89958
11188.99	0.89822
11189.99	0.89571
11190.99	0.89388
11191.99	0.89408
11192.99	0.89384
11193.99	0.89501
11194.99	0.89543
11195.99	0.89554
11196.99	0.895
11197.99	0.89506
11198.99	0.89202
11199.99	0.8913
11200.99	0.89031
11201.99	0.89386
11202.99	0.89405
11203.99	0.89225
11204.99	0.89013
11205.99	0.89168
11206.99	0.89208
11207.99	0.89221
11208.99	0.89178
11209.99	0.89274
11210.99	0.89305
11211.99	0.89311
11212.99	0.88988
11213.99	0.88922
11214.99	0.88781
11215.99	0.88824
11216.99	0.88755
11217.99	0.88869
11218.99	0.88994
11219.99	0.89044
11220.99	0.88982
11221.99	0.88881
11222.99	0.8856
11223.99	0.88472
11224.99	0.88563
11225.99	0.88576
11226.99	0.88478
11227.99	0.88314
11228.99	0.88486
11229.99	0.88627
11230.99	0.88754
11231.99	0.88572
11232.99	0.88646
11233.99	0.88635
11234.99	0.88475
11235.99	0.88407
11236.99	0.88459
11237.99	0.88602
11238.99	0.88682
11239.99	0.88811
11240.99	0.88723
11241.99	0.88567
11242.99	0.88551
11243.99	0.88454
11244.99	0.88408
11245.99	0.88305
11246.99	0.88356
11247.99	0.88475
11248.99	0.88579
11249.99	0.8853
11250.99	0.88203
11251.99	0.88032
11252.99	0.87989
11253.99	0.8785
11254.99	0.87918
11255.99	0.87943
11256.99	0.87994
11257.99	0.88071
11258.99	0.88113
11259.99	0.87856
11260.99	0.87715
11261.99	0.87809
11262.99	0.88001
11263.99	0.88072
11264.99	0.88014
11265.99	0.88047
11266.99	0.88012
11267.99	0.87999
11268.99	0.87893
11269.99	0.87768
11270.99	0.87697
11271.99	0.87711
11272.99	0.8767
11273.99	0.87646
11274.99	0.87701
11275.99	0.87975
11276.99	0.88118
11277.99	0.88094
11278.99	0.87576
11279.99	0.87485
11280.99	0.87471
11281.99	0.87469
11282.99	0.87376
11283.99	0.87209
11284.99	0.87213
11285.99	0.87216
11286.99	0.87222
11287.99	0.87202
11288.99	0.87128
11289.99	0.87185
11290.99	0.8731
11291.99	0.87447
11292.99	0.87562
11293.99	0.87485
11294.99	0.87664
11295.99	0.87638
11296.99	0.87586
11297.99	0.8737
11298.99	0.87232
11299.99	0.87191
11300.99	0.87405
11301.99	0.87519
11302.99	0.8728
11303.99	0.87037
11304.99	0.87028
11305.99	0.87165
11306.99	0.86902
11307.99	0.86927
11308.99	0.86813
11309.99	0.86703
11310.99	0.86672
11311.99	0.8662
11312.99	0.86552
11313.99	0.86554
11314.99	0.86681
11315.99	0.86731
11316.99	0.86573
11317.99	0.86347
11318.99	0.86304
11319.99	0.86431
11320.99	0.86509
11321.99	0.86544
11322.99	0.86384
11323.99	0.86171
11324.99	0.86164
11325.99	0.86339
11326.99	0.86386
11327.99	0.86325
11328.99	0.86123
11329.99	0.86056
11330.99	0.86154
11331.99	0.86326
11332.99	0.86261
11333.99	0.86141
11334.99	0.8605
11335.99	0.86048
11336.99	0.86191
11337.99	0.86252
11338.99	0.86141
11339.99	0.8569
11340.99	0.85598
11341.99	0.85728
11342.99	0.8576
11343.99	0.85728
11344.99	0.8576
11345.99	0.85776
11346.99	0.8578
11347.99	0.85833
11348.99	0.85765
11349.99	0.85748
11350.99	0.8538
11351.99	0.85102
11352.99	0.85102
11353.99	0.85203
11354.99	0.8533
11355.99	0.85328
11356.99	0.84947
11357.99	0.84828
11358.99	0.84889
11359.99	0.84955
11360.99	0.84872
11361.99	0.84701
11362.99	0.85011
11363.99	0.85014
11364.99	0.8499
11365.99	0.84806
11366.99	0.84818
11367.99	0.84605
11368.99	0.84345
11369.99	0.84354
11370.99	0.84426
11371.99	0.84457
11372.99	0.84453
11373.99	0.84435
11374.99	0.84442
11375.99	0.8448
11376.99	0.84132
11377.99	0.84128
11378.99	0.839
11379.99	0.83621
11380.99	0.83575
11381.99	0.83655
11382.99	0.83798
11383.99	0.83801
11384.99	0.83691
11385.99	0.8364
11386.99	0.83654
11387.99	0.8392
11388.99	0.83937
11389.99	0.83941
11390.99	0.83611
11391.99	0.83658
11392.99	0.8368
11393.99	0.83536
11394.99	0.83526
11395.99	0.83461
11396.99	0.83417
11397.99	0.83489
11398.99	0.83476
11399.99	0.83591
11400.99	0.83502
11401.99	0.83619
11402.99	0.83764
11403.99	0.83764
11404.99	0.83404
11405.99	0.83046
11406.99	0.83046
11407.99	0.83079
11408.99	0.83112
11409.99	0.83112
11410.99	0.83048
11411.99	0.83041
11412.99	0.83041
11413.99	0.8364
11414.99	0.83912
11415.99	0.84009
11416.99	0.84181
11417.99	0.84364
11418.99	0.84431
11419.99	0.84647
11420.99	0.84655
11421.99	0.84597
11422.99	0.8443
11423.99	0.84408
11424.99	0.84443
11425.99	0.84531
11426.99	0.84447
11427.99	0.84461
11428.99	0.84637
11429.99	0.84588
11430.99	0.84727
11431.99	0.8481
11432.99	0.84786
11433.99	0.84881
11434.99	0.84828
11435.99	0.84966
11436.99	0.8497
11437.99	0.84919
11438.99	0.84891
11439.99	0.84884
11440.99	0.84934
11441.99	0.84932
11442.99	0.85037
11443.99	0.8494
11444.99	0.85087
11445.99	0.85248
11446.99	0.8533
11447.99	0.85015
11448.99	0.84954
11449.99	0.84922
11450.99	0.84781
11451.99	0.84905
11452.99	0.84937
11453.99	0.85015
11454.99	0.84961
11455.99	0.84914
11456.99	0.85025
11457.99	0.85104
11458.99	0.85083
11459.99	0.85081
11460.99	0.8505
11461.99	0.8512
11462.99	0.84797
11463.99	0.84731
11464.99	0.84881
11465.99	0.84844
11466.99	0.8483
11467.99	0.84803
11468.99	0.84934
11469.99	0.8486
11470.99	0.84697
11471.99	0.8459
11472.99	0.84654
11473.99	0.84573
11474.99	0.84587
11475.99	0.84537
11476.99	0.84555
11477.99	0.8453
11478.99	0.84473
11479.99	0.84431
11480.99	0.84418
11481.99	0.84522
11482.99	0.84607
11483.99	0.8446
11484.99	0.84644
11485.99	0.84394
11486.99	0.84354
11487.99	0.84383
11488.99	0.84358
11489.99	0.8433
11490.99	0.8435
11491.99	0.84272
11492.99	0.84285
11493.99	0.84159
11494.99	0.84107
11495.99	0.84111
11496.99	0.84175
11497.99	0.8412
11498.99	0.84145
11499.99	0.84067
11500.99	0.842
11501.99	0.84188
11502.99	0.84204
11503.99	0.84192
11504.99	0.8412
11505.99	0.84176
11506.99	0.84089
11507.99	0.84099
11508.99	0.84132
11509.99	0.84128
11510.99	0.84251
11511.99	0.84313
11512.99	0.84302
11513.99	0.84225
11514.99	0.84162
11515.99	0.84155
11516.99	0.8424
11517.99	0.8431
11518.99	0.84257
11519.99	0.84128
11520.99	0.84138
11521.99	0.84092
11522.99	0.84224
11523.99	0.84316
11524.99	0.84387
11525.99	0.84426
11526.99	0.84472
11527.99	0.84474
11528.99	0.84681
11529.99	0.84724
11530.99	0.84796
11531.99	0.84859
11532.99	0.84901
11533.99	0.84965
11534.99	0.85257
11535.99	0.85328
11536.99	0.85419
11537.99	0.85707
11538.99	0.8581
11539.99	0.8598
11540.99	0.86319
11541.99	0.86427
11542.99	0.86796
11543.99	0.87304
11544.99	0.87491
11545.99	0.8803
11546.99	0.88709
11547.99	0.88947
11548.99	0.89941
11549.99	0.90862
11550.99	0.91168
11551.99	0.93121
11552.99	0.94473
11553.99	0.95102
11554.99	0.98962
11555.99	1.01808
11556.99	1.0356
11557.99	1.12861
11558.99	1.18848
11559.99	1.23243
11560.99	1.43904
11561.99	1.54886
11562.99	1.63082
11563.99	1.85443
11564.99	1.93752
11565.99	1.98387
11566.99	2.02555
11567.99	2.0372
11568.99	2.03201
11569.99	2.00243
11570.99	1.99437
11571.99	1.98386
11572.99	1.96785
11573.99	1.96463
11574.99	1.96597
11575.99	1.97162
11576.99	1.97546
11577.99	1.98442
11578.99	1.99113
11579.99	1.99221
11580.99	1.98609
11581.99	1.97824
11582.99	1.97518
11583.99	1.96577
11584.99	1.9606
11585.99	1.95897
11586.99	1.96274
11587.99	1.96913
11588.99	1.97258
11589.99	1.99571
11590.99	2.00968
11591.99	2.01631
11592.99	2.03392
11593.99	2.04061
11594.99	2.04199
11595.99	2.03533
11596.99	2.02859
11597.99	2.02459
11598.99	2.01025
11599.99	2.0039
11600.99	1.9991
11601.99	1.98917
11602.99	1.98462
11603.99	1.98147
11604.99	1.97323
11605.99	1.96973
11606.99	1.96583
11607.99	1.96249
11608.99	1.96345
11609.99	1.96654
11610.99	1.97445
11611.99	1.97887
11612.99	1.98539
11613.99	1.99646
11614.99	2.00135
11615.99	2.01021
11616.99	2.02141
11617.99	2.02602
11618.99	2.03146
11619.99	2.03692
11620.99	2.03821
11621.99	2.03804
11622.99	2.03637
11623.99	2.03519
11624.99	2.03193
11625.99	2.02771
11626.99	2.02543
11627.99	2.02007
11628.99	2.01574
11629.99	2.01416
11630.99	2.01091
11631.99	2.0082
11632.99	2.00641
11633.99	2.00305
11634.99	1.99986
11635.99	1.99798
11636.99	1.99067
11637.99	1.98684
11638.99	1.98488
11639.99	1.97764
11640.99	1.97212
11641.99	1.96897
11642.99	1.96135
11643.99	1.95812
11644.99	1.95658
11645.99	1.95254
11646.99	1.95025
11647.99	1.94876
11648.99	1.94626
11649.99	1.94558
11650.99	1.94561
11651.99	1.94661
11652.99	1.94847
11653.99	1.95062
11654.99	1.95501
11655.99	1.95741
11656.99	1.96029
11657.99	1.96747
11658.99	1.9713
11659.99	1.97353
11660.99	1.97891
11661.99	1.98074
11662.99	1.98233
11663.99	1.98542
11664.99	1.98751
11665.99	1.98872
11666.99	1.98917
11667.99	1.98916
11668.99	1.98908
11669.99	1.98937
11670.99	1.9892
11671.99	1.98864
11672.99	1.98721
11673.99	1.9858
11674.99	1.98453
11675.99	1.98255
11676.99	1.98281
11677.99	1.98307
11678.99	1.98242
11679.99	1.98074
11680.99	1.98083
11681.99	1.98171
11682.99	1.98263
11683.99	1.98302
11684.99	1.98388
11685.99	1.98497
11686.99	1.98569
11687.99	1.98671
11688.99	1.98749
11689.99	1.98883
11690.99	1.98916
11691.99	1.98893
11692.99	1.98758
11693.99	1.98611
11694.99	1.98473
11695.99	1.98269
11696.99	1.98006
11697.99	1.97815
11698.99	1.97429
11699.99	1.96923
11700.99	1.96644
11701.99	1.96189
11702.99	1.95775
11703.99	1.95442
11704.99	1.95056
11705.99	1.94558
11706.99	1.94432
11707.99	1.94306
11708.99	1.94229
11709.99	1.94077
11710.99	1.93966
11711.99	1.93744
11712.99	1.93712
11713.99	1.93747
11714.99	1.93843
11715.99	1.93896
11716.99	1.93989
11717.99	1.94266
11718.99	1.94478
11719.99	1.9478
11720.99	1.94958
11721.99	1.95065
11722.99	1.95337
11723.99	1.95656
11724.99	1.95888
11725.99	1.96157
11726.99	1.96429
11727.99	1.965
11728.99	1.96646
11729.99	1.96708
11730.99	1.96741
11731.99	1.96765
11732.99	1.96896
11733.99	1.97033
11734.99	1.97203
11735.99	1.9732
11736.99	1.97348
11737.99	1.97316
11738.99	1.97294
11739.99	1.97314
11740.99	1.97344
11741.99	1.97339
11742.99	1.97214
11743.99	1.97193
11744.99	1.97133
11745.99	1.97144
11746.99	1.97101
11747.99	1.97104
11748.99	1.97175
11749.99	1.97311
11750.99	1.9749
11751.99	1.97518
11752.99	1.9757
11753.99	1.9768
11754.99	1.97736
11755.99	1.97898
11756.99	1.97945
11757.99	1.9798
11758.99	1.98032
11759.99	1.98025
11760.99	1.97934
11761.99	1.97586
11762.99	1.9723
11763.99	1.97031
11764.99	1.96676
11765.99	1.96408
11766.99	1.96227
11767.99	1.95927
11768.99	1.95437
11769.99	1.9517
11770.99	1.94877
11771.99	1.94483
11772.99	1.94346
11773.99	1.94185
11774.99	1.93928
11775.99	1.9377
11776.99	1.93591
11777.99	1.93406
11778.99	1.93406
11779.99	1.93326
11780.99	1.93248
11781.99	1.93144
11782.99	1.93099
11783.99	1.92938
11784.99	1.92916
11785.99	1.92844
11786.99	1.92833
11787.99	1.92788
11788.99	1.9272
11789.99	1.92581
11790.99	1.92527
11791.99	1.92582
11792.99	1.92769
11793.99	1.92895
11794.99	1.92943
11795.99	1.92975
11796.99	1.93025
11797.99	1.93003
11798.99	1.93005
11799.99	1.93004
11800.99	1.93094
11801.99	1.93367
11802.99	1.93525
11803.99	1.93639
11804.99	1.93817
11805.99	1.93916
11806.99	1.94052
11807.99	1.94473
11808.99	1.94687
11809.99	1.94863
11810.99	1.95201
11811.99	1.9535
11812.99	1.95415
11813.99	1.95691
11814.99	1.95866
11815.99	1.96001
11816.99	1.96192
11817.99	1.96287
11818.99	1.96362
11819.99	1.96392
11820.99	1.96346
11821.99	1.96301
11822.99	1.96259
11823.99	1.96272
11824.99	1.9624
11825.99	1.96069
11826.99	1.95903
11827.99	1.95788
11828.99	1.95487
11829.99	1.95291
11830.99	1.95157
11831.99	1.94927
11832.99	1.9467
11833.99	1.94573
11834.99	1.94274
11835.99	1.93938
11836.99	1.93797
11837.99	1.93462
11838.99	1.93095
11839.99	1.92923
11840.99	1.92695
11841.99	1.92466
11842.99	1.92241
11843.99	1.9202
11844.99	1.91706
11845.99	1.9153
11846.99	1.91367
11847.99	1.91201
11848.99	1.9116
11849.99	1.9108
11850.99	1.90997
11851.99	1.90976
11852.99	1.91028
11853.99	1.91101
11854.99	1.91081
11855.99	1.91158
11856.99	1.91227
11857.99	1.91374
11858.99	1.91363
11859.99	1.91433
11860.99	1.9145
11861.99	1.91537
11862.99	1.91468
11863.99	1.9137
11864.99	1.91216
11865.99	1.9114
11866.99	1.91071
11867.99	1.9108
11868.99	1.90973
11869.99	1.90935
11870.99	1.90865
11871.99	1.90711
11872.99	1.90695
11873.99	1.90659
11874.99	1.90595
11875.99	1.90546
11876.99	1.90583
11877.99	1.90743
11878.99	1.90867
11879.99	1.90909
11880.99	1.90977
11881.99	1.91041
11882.99	1.91082
11883.99	1.91125
11884.99	1.91265
11885.99	1.91369
11886.99	1.91494
11887.99	1.91631
11888.99	1.91693
11889.99	1.9177
11890.99	1.91846
11891.99	1.91988
11892.99	1.92105
11893.99	1.92344
11894.99	1.9243
11895.99	1.9247
11896.99	1.92466
11897.99	1.92462
11898.99	1.92524
11899.99	1.92592
11900.99	1.92592
11901.99	1.92603
11902.99	1.92551
11903.99	1.92493
11904.99	1.92465
11905.99	1.92348
11906.99	1.92296
11907.99	1.92261
11908.99	1.92094
11909.99	1.91967
11910.99	1.91758
11911.99	1.91452
11912.99	1.91157
11913.99	1.90994
11914.99	1.90732
11915.99	1.90458
11916.99	1.90356
11917.99	1.90176
11918.99	1.89959
11919.99	1.89836
11920.99	1.8958
11921.99	1.894
11922.99	1.89239
11923.99	1.89153
11924.99	1.88933
11925.99	1.88862
11926.99	1.8875
11927.99	1.88658
11928.99	1.88596
11929.99	1.88577
11930.99	1.88584
11931.99	1.88532
11932.99	1.88557
11933.99	1.88553
11934.99	1.88548
11935.99	1.88542
11936.99	1.88649
11937.99	1.88644
11938.99	1.88676
11939.99	1.88566
11940.99	1.88561
11941.99	1.88544
11942.99	1.88545
11943.99	1.88554
11944.99	1.88541
11945.99	1.88509
11946.99	1.88517
11947.99	1.88559
11948.99	1.88632
11949.99	1.88763
11950.99	1.88703
11951.99	1.88559
11952.99	1.88417
11953.99	1.8842
11954.99	1.88411
11955.99	1.8824
11956.99	1.881
11957.99	1.88027
11958.99	1.87916
11959.99	1.87811
11960.99	1.87736
11961.99	1.87641
11962.99	1.87655
11963.99	1.87716
11964.99	1.87717
11965.99	1.87735
11966.99	1.87683
11967.99	1.87846
11968.99	1.8782
11969.99	1.87883
11970.99	1.87796
11971.99	1.87867
11972.99	1.87878
11973.99	1.87982
11974.99	1.88048
11975.99	1.88071
11976.99	1.88143
11977.99	1.88261
11978.99	1.88194
11979.99	1.88174
11980.99	1.88158
11981.99	1.8826
11982.99	1.88346
11983.99	1.88376
11984.99	1.8833
11985.99	1.88275
11986.99	1.88238
11987.99	1.88325
11988.99	1.88388
11989.99	1.88343
11990.99	1.88192
11991.99	1.88065
11992.99	1.87995
11993.99	1.87979
11994.99	1.88013
11995.99	1.87968
11996.99	1.87994
11997.99	1.88019
11998.99	1.88104
11999.99	1.88082
12000.99	1.87993
12001.99	1.87832
12002.99	1.8773
12003.99	1.87676
12004.99	1.87576
12005.99	1.87285
12006.99	1.87188
12007.99	1.87153
12008.99	1.87062
12009.99	1.86939
12010.99	1.86844
12011.99	1.8665
12012.99	1.86535
12013.99	1.86375
12014.99	1.86196
12015.99	1.86095
12016.99	1.86009
12017.99	1.85807
12018.99	1.85554
12019.99	1.85468
12020.99	1.85262
12021.99	1.85084
12022.99	1.84857
12023.99	1.84704
12024.99	1.84512
12025.99	1.84418
12026.99	1.84392
12027.99	1.84305
12028.99	1.84345
12029.99	1.84328
12030.99	1.84304
12031.99	1.84233
12032.99	1.84329
12033.99	1.84365
12034.99	1.84303
12035.99	1.84164
12036.99	1.84164
12037.99	1.84062
12038.99	1.84042
12039.99	1.83974
12040.99	1.84074
12041.99	1.84176
12042.99	1.84176
12043.99	1.84117
12044.99	1.84076
12045.99	1.84038
12046.99	1.84069
12047.99	1.84076
12048.99	1.8412
12049.99	1.84131
12050.99	1.84135
12051.99	1.84158
12052.99	1.84175
12053.99	1.84219
12054.99	1.84208
12055.99	1.84212
12056.99	1.84308
12057.99	1.84338
12058.99	1.84463
12059.99	1.845
12060.99	1.84505
12061.99	1.84531
12062.99	1.84295
12063.99	1.84285
12064.99	1.84265
12065.99	1.84448
12066.99	1.84592
12067.99	1.84647
12068.99	1.84503
12069.99	1.84322
12070.99	1.84226
12071.99	1.84242
12072.99	1.84227
12073.99	1.84305
12074.99	1.84352
12075.99	1.84517
12076.99	1.84414
12077.99	1.84297
12078.99	1.84117
12079.99	1.83969
12080.99	1.83912
12081.99	1.83904
12082.99	1.83976
12083.99	1.83996
12084.99	1.83987
12085.99	1.83941
12086.99	1.83979
12087.99	1.83973
12088.99	1.83904
12089.99	1.83766
12090.99	1.83728
12091.99	1.83725
12092.99	1.8373
12093.99	1.83781
12094.99	1.83776
12095.99	1.83791
12096.99	1.8363
12097.99	1.83425
12098.99	1.83303
12099.99	1.83362
12100.99	1.83267
12101.99	1.83125
12102.99	1.82897
12103.99	1.82795
12104.99	1.82747
12105.99	1.82722
12106.99	1.82505
12107.99	1.82363
12108.99	1.82348
12109.99	1.82278
12110.99	1.82235
12111.99	1.82191
12112.99	1.82096
12113.99	1.81958
12114.99	1.81809
12115.99	1.81834
12116.99	1.81924
12117.99	1.8189
12118.99	1.81764
12119.99	1.8172
12120.99	1.81658
12121.99	1.81619
12122.99	1.81303
12123.99	1.81255
12124.99	1.81173
12125.99	1.81074
12126.99	1.80969
12127.99	1.81033
12128.99	1.80891
12129.99	1.80733
12130.99	1.80553
12131.99	1.80585
12132.99	1.80518
12133.99	1.80531
12134.99	1.80459
12135.99	1.80588
12136.99	1.80658
12137.99	1.80459
12138.99	1.8018
12139.99	1.80051
12140.99	1.80121
12141.99	1.80287
12142.99	1.8033
12143.99	1.80331
12144.99	1.80302
12145.99	1.80137
12146.99	1.79992
12147.99	1.79858
12148.99	1.79874
12149.99	1.80034
12150.99	1.80107
12151.99	1.80137
12152.99	1.8008
12153.99	1.79946
12154.99	1.79888
12155.99	1.79752
12156.99	1.797
12157.99	1.79814
12158.99	1.79852
12159.99	1.79959
12160.99	1.80007
12161.99	1.80108
12162.99	1.80134
12163.99	1.80154
12164.99	1.79994
12165.99	1.79978
12166.99	1.79896
12167.99	1.79882
12168.99	1.79723
12169.99	1.79757
12170.99	1.79685
12171.99	1.79671
12172.99	1.79713
12173.99	1.79665
12174.99	1.79617
12175.99	1.79622
12176.99	1.7966
12177.99	1.7989
12178.99	1.79983
12179.99	1.79914
12180.99	1.79941
12181.99	1.79822
12182.99	1.79788
12183.99	1.79779
12184.99	1.79785
12185.99	1.79783
12186.99	1.79722
12187.99	1.79658
12188.99	1.79596
12189.99	1.79602
12190.99	1.7951
12191.99	1.79551
12192.99	1.79544
12193.99	1.79636
12194.99	1.79536
12195.99	1.79596
12196.99	1.79396
12197.99	1.79319
12198.99	1.79113
12199.99	1.79102
12200.99	1.79189
12201.99	1.79331
12202.99	1.79343
12203.99	1.79202
12204.99	1.7891
12205.99	1.78833
12206.99	1.78793
12207.99	1.78859
12208.99	1.78815
12209.99	1.7876
12210.99	1.78831
12211.99	1.78728
12212.99	1.78719
12213.99	1.78466
12214.99	1.78267
12215.99	1.78168
12216.99	1.78035
12217.99	1.78183
12218.99	1.78265
12219.99	1.78181
12220.99	1.78233
12221.99	1.78178
12222.99	1.77964
12223.99	1.77932
12224.99	1.77777
12225.99	1.77807
12226.99	1.77797
12227.99	1.77699
12228.99	1.77579
12229.99	1.7731
12230.99	1.77178
12231.99	1.77203
12232.99	1.77473
12233.99	1.77458
12234.99	1.77561
12235.99	1.77296
12236.99	1.77074
12237.99	1.76952
12238.99	1.7699
12239.99	1.7708
12240.99	1.77033
12241.99	1.76933
12242.99	1.76802
12243.99	1.76765
12244.99	1.76699
12245.99	1.7662
12246.99	1.76536
12247.99	1.76703
12248.99	1.76678
12249.99	1.76517
12250.99	1.76286
12251.99	1.76183
12252.99	1.76179
12253.99	1.76171
12254.99	1.76214
12255.99	1.7621
12256.99	1.7608
12257.99	1.75799
12258.99	1.75644
12259.99	1.75627
12260.99	1.7576
12261.99	1.75753
12262.99	1.75598
12263.99	1.75592
12264.99	1.75563
12265.99	1.7531
12266.99	1.75169
12267.99	1.75168
12268.99	1.75334
12269.99	1.75393
12270.99	1.75287
12271.99	1.75229
12272.99	1.75238
12273.99	1.75257
12274.99	1.75233
12275.99	1.75202
12276.99	1.75267
12277.99	1.75394
12278.99	1.75282
12279.99	1.75114
12280.99	1.75025
12281.99	1.75019
12282.99	1.75118
12283.99	1.75079
12284.99	1.75127
12285.99	1.75252
12286.99	1.75239
12287.99	1.75208
12288.99	1.75001
12289.99	1.7514
12290.99	1.75189
12291.99	1.75358
12292.99	1.75179
12293.99	1.75173
12294.99	1.7496
12295.99	1.74806
12296.99	1.74626
12297.99	1.74536
12298.99	1.74596
12299.99	1.74775
12300.99	1.74804
12301.99	1.74729
12302.99	1.74553
12303.99	1.74483
12304.99	1.74442
12305.99	1.74653
12306.99	1.74817
12307.99	1.75099
12308.99	1.75106
12309.99	1.74999
12310.99	1.74755
12311.99	1.74677
12312.99	1.74815
12313.99	1.74758
12314.99	1.74767
12315.99	1.7466
12316.99	1.74599
12317.99	1.74591
12318.99	1.74522
12319.99	1.74547
12320.99	1.74577
12321.99	1.74588
12322.99	1.74466
12323.99	1.74569
12324.99	1.74523
12325.99	1.74533
12326.99	1.74458
12327.99	1.74414
12328.99	1.74244
12329.99	1.74051
12330.99	1.73929
12331.99	1.73978
12332.99	1.73865
12333.99	1.73811
12334.99	1.73583
12335.99	1.73611
12336.99	1.73755
12337.99	1.73818
12338.99	1.73841
12339.99	1.73594
12340.99	1.73405
12341.99	1.73075
12342.99	1.72977
12343.99	1.73055
12344.99	1.7301
12345.99	1.73041
12346.99	1.72924
12347.99	1.72586
12348.99	1.72572
12349.99	1.72529
12350.99	1.72686
12351.99	1.7252
12352.99	1.72399
12353.99	1.72292
12354.99	1.72356
12355.99	1.72324
12356.99	1.7236
12357.99	1.72427
12358.99	1.72459
12359.99	1.7239
12360.99	1.72162
12361.99	1.71984
12362.99	1.7188
12363.99	1.71938
12364.99	1.72096
12365.99	1.72187
12366.99	1.72106
12367.99	1.72059
12368.99	1.71913
12369.99	1.7184
12370.99	1.71748
12371.99	1.71621
12372.99	1.71703
12373.99	1.71806
12374.99	1.71748
12375.99	1.7162
12376.99	1.7155
12377.99	1.71483
12378.99	1.7148
12379.99	1.7125
12380.99	1.71076
12381.99	1.70975
12382.99	1.70959
12383.99	1.71021
12384.99	1.71053
12385.99	1.71278
12386.99	1.71265
12387.99	1.71296
12388.99	1.71199
12389.99	1.71052
12390.99	1.70996
12391.99	1.70627
12392.99	1.70542
12393.99	1.70508
12394.99	1.70572
12395.99	1.70733
12396.99	1.70811
12397.99	1.70756
12398.99	1.70558
12399.99	1.70383
12400.99	1.70497
12401.99	1.70724
12402.99	1.70765
12403.99	1.70675
12404.99	1.70584
12405.99	1.70532
12406.99	1.70472
12407.99	1.70493
12408.99	1.70382
12409.99	1.70592
12410.99	1.70448
12411.99	1.70259
12412.99	1.70102
12413.99	1.69866
12414.99	1.69855
12415.99	1.69873
12416.99	1.70005
12417.99	1.70041
12418.99	1.70039
12419.99	1.70049
12420.99	1.70103
12421.99	1.70079
12422.99	1.70048
12423.99	1.70021
12424.99	1.70106
12425.99	1.70078
12426.99	1.7004
12427.99	1.69972
12428.99	1.69788
12429.99	1.69706
12430.99	1.69858
12431.99	1.69757
12432.99	1.69674
12433.99	1.6959
12434.99	1.69558
12435.99	1.69657
12436.99	1.69605
12437.99	1.69367
12438.99	1.69226
12439.99	1.69172
12440.99	1.69335
12441.99	1.69561
12442.99	1.6965
12443.99	1.69666
12444.99	1.69614
12445.99	1.69409
12446.99	1.69468
12447.99	1.69482
12448.99	1.69681
12449.99	1.69768
12450.99	1.69755
12451.99	1.69678
12452.99	1.69418
12453.99	1.69034
12454.99	1.68798
12455.99	1.68611
12456.99	1.68812
12457.99	1.68963
12458.99	1.69131
12459.99	1.69084
12460.99	1.68957
12461.99	1.68986
12462.99	1.68938
12463.99	1.68984
12464.99	1.68911
12465.99	1.68724
12466.99	1.68688
12467.99	1.68876
12468.99	1.68774
12469.99	1.68662
12470.99	1.68491
12471.99	1.68416
12472.99	1.6859
12473.99	1.68601
12474.99	1.68448
12475.99	1.68335
12476.99	1.68224
12477.99	1.68256
12478.99	1.68162
12479.99	1.67859
12480.99	1.67553
12481.99	1.67469
12482.99	1.67681
12483.99	1.68059
12484.99	1.6822
12485.99	1.68013
12486.99	1.67728
12487.99	1.67717
12488.99	1.67713
12489.99	1.67531
12490.99	1.67419
12491.99	1.67259
12492.99	1.67356
12493.99	1.67308
12494.99	1.67161
12495.99	1.67165
12496.99	1.67241
12497.99	1.67238
12498.99	1.67308
12499.99	1.67192
12500.99	1.67345
12501.99	1.6743
12502.99	1.67178
12503.99	1.67051
12504.99	1.66884
12505.99	1.67009
12506.99	1.67042
12507.99	1.66832
12508.99	1.66589
12509.99	1.6641
12510.99	1.66414
12511.99	1.66511
12512.99	1.66646
12513.99	1.66645
12514.99	1.66729
12515.99	1.66441
12516.99	1.66278
12517.99	1.65933
12518.99	1.65826
12519.99	1.65941
12520.99	1.65822
12521.99	1.65874
12522.99	1.65863
12523.99	1.65947
12524.99	1.66149
12525.99	1.66224
12526.99	1.66123
12527.99	1.66189
12528.99	1.65916
12529.99	1.66034
12530.99	1.66054
12531.99	1.66083
12532.99	1.66006
12533.99	1.65836
12534.99	1.65601
12535.99	1.65562
12536.99	1.65623
12537.99	1.65776
12538.99	1.65806
12539.99	1.65886
12540.99	1.65613
12541.99	1.65476
12542.99	1.65436
12543.99	1.65382
12544.99	1.6545
12545.99	1.65459
12546.99	1.65417
12547.99	1.65312
12548.99	1.65312
12549.99	1.65281
12550.99	1.65351
12551.99	1.65472
12552.99	1.65344
12553.99	1.65406
12554.99	1.65359
12555.99	1.65533
12556.99	1.65571
12557.99	1.65565
12558.99	1.65418
12559.99	1.65237
12560.99	1.64986
12561.99	1.64893
12562.99	1.64917
12563.99	1.65036
12564.99	1.6519
12565.99	1.65004
12566.99	1.65018
12567.99	1.6508
12568.99	1.65135
12569.99	1.65228
12570.99	1.65035
12571.99	1.6488
12572.99	1.64933
12573.99	1.64823
12574.99	1.64879
12575.99	1.64754
12576.99	1.64716
12577.99	1.6501
12578.99	1.65019
12579.99	1.65087
12580.99	1.64844
12581.99	1.6457
12582.99	1.64509
12583.99	1.64365
12584.99	1.64439
12585.99	1.6443
12586.99	1.64549
12587.99	1.64594
12588.99	1.646
12589.99	1.6455
12590.99	1.64614
12591.99	1.64532
12592.99	1.64394
12593.99	1.6419
12594.99	1.641
12595.99	1.63875
12596.99	1.63844
12597.99	1.63979
12598.99	1.64308
12599.99	1.64445
12600.99	1.64187
12601.99	1.63972
12602.99	1.63973
12603.99	1.64158
12604.99	1.64249
12605.99	1.63919
12606.99	1.63654
12607.99	1.63572
12608.99	1.63776
12609.99	1.6404
12610.99	1.64117
12611.99	1.64058
12612.99	1.63898
12613.99	1.63759
12614.99	1.63836
12615.99	1.63948
12616.99	1.63912
12617.99	1.63829
12618.99	1.63676
12619.99	1.63533
12620.99	1.63429
12621.99	1.63327
12622.99	1.63291
12623.99	1.63273
12624.99	1.63038
12625.99	1.63107
12626.99	1.63047
12627.99	1.63032
12628.99	1.6316
12629.99	1.63162
12630.99	1.63227
12631.99	1.63055
12632.99	1.62555
12633.99	1.6248
12634.99	1.62591
12635.99	1.63023
12636.99	1.6316
12637.99	1.62991
12638.99	1.62773
12639.99	1.62595
12640.99	1.62722
12641.99	1.62551
12642.99	1.62541
12643.99	1.62548
12644.99	1.62135
12645.99	1.62058
12646.99	1.6195
12647.99	1.61871
12648.99	1.6215
12649.99	1.62276
12650.99	1.62287
12651.99	1.62324
12652.99	1.62335
12653.99	1.62291
12654.99	1.62255
12655.99	1.62
12656.99	1.61948
12657.99	1.61976
12658.99	1.62152
12659.99	1.62254
12660.99	1.62027
12661.99	1.61747
12662.99	1.61519
12663.99	1.61631
12664.99	1.61638
12665.99	1.61793
12666.99	1.61814
12667.99	1.61827
12668.99	1.61612
12669.99	1.61201
12670.99	1.60851
12671.99	1.60771
12672.99	1.60849
12673.99	1.61138
12674.99	1.61493
12675.99	1.61768
12676.99	1.61798
12677.99	1.61767
12678.99	1.61507
12679.99	1.61408
12680.99	1.61409
12681.99	1.61387
12682.99	1.61224
12683.99	1.60926
12684.99	1.60913
12685.99	1.60915
12686.99	1.61124
12687.99	1.61236
12688.99	1.61223
12689.99	1.61332
12690.99	1.61061
12691.99	1.60824
12692.99	1.60685
12693.99	1.60689
12694.99	1.60732
12695.99	1.60703
12696.99	1.60617
12697.99	1.60531
12698.99	1.60694
12699.99	1.60643
12700.99	1.60589
12701.99	1.60647
12702.99	1.60581
12703.99	1.60655
12704.99	1.60444
12705.99	1.60222
12706.99	1.60025
12707.99	1.60261
12708.99	1.60434
12709.99	1.60648
12710.99	1.60455
12711.99	1.60257
12712.99	1.60147
12713.99	1.6012
12714.99	1.59948
12715.99	1.59903
12716.99	1.59792
12717.99	1.59599
12718.99	1.59587
12719.99	1.59684
12720.99	1.60059
12721.99	1.60311
12722.99	1.60285
12723.99	1.60139
12724.99	1.59947
12725.99	1.59954
12726.99	1.59854
12727.99	1.59828
12728.99	1.59899
12729.99	1.59882
12730.99	1.59983
12731.99	1.5978
12732.99	1.59613
12733.99	1.5969
12734.99	1.59617
12735.99	1.59546
12736.99	1.59377
12737.99	1.59184
12738.99	1.59327
12739.99	1.597
12740.99	1.60005
12741.99	1.60108
12742.99	1.59856
12743.99	1.59491
12744.99	1.59108
12745.99	1.58986
12746.99	1.59
12747.99	1.59102
12748.99	1.59312
12749.99	1.59506
12750.99	1.59554
12751.99	1.59529
12752.99	1.59286
12753.99	1.58992
12754.99	1.58901
12755.99	1.58699
12756.99	1.58899
12757.99	1.58882
12758.99	1.58999
12759.99	1.59069
12760.99	1.59126
12761.99	1.59162
12762.99	1.59037
12763.99	1.59041
12764.99	1.58877
12765.99	1.58852
12766.99	1.58775
12767.99	1.58732
12768.99	1.58968
12769.99	1.58978
12770.99	1.59037
12771.99	1.58983
12772.99	1.59085
12773.99	1.58887
12774.99	1.58795
12775.99	1.58817
12776.99	1.58779
12777.99	1.58734
12778.99	1.5855
12779.99	1.58466
12780.99	1.58535
12781.99	1.58557
12782.99	1.58529
12783.99	1.58421
12784.99	1.58357
12785.99	1.58281
12786.99	1.58286
12787.99	1.58197
12788.99	1.58135
12789.99	1.58131
12790.99	1.58093
12791.99	1.58069
12792.99	1.58172
12793.99	1.58369
12794.99	1.58499
12795.99	1.58562
12796.99	1.58281
12797.99	1.58139
12798.99	1.57991
12799.99	1.57922
12800.99	1.58009
12801.99	1.57943
12802.99	1.58156
12803.99	1.58049
12804.99	1.57865
12805.99	1.57796
12806.99	1.57876
12807.99	1.58034
12808.99	1.58282
12809.99	1.58218
12810.99	1.58097
12811.99	1.5775
12812.99	1.57369
12813.99	1.57132
12814.99	1.5718
12815.99	1.57429
12816.99	1.5751
12817.99	1.5747
12818.99	1.57493
12819.99	1.57442
12820.99	1.57445
12821.99	1.57297
12822.99	1.57138
12823.99	1.57011
12824.99	1.57197
12825.99	1.57259
12826.99	1.5729
12827.99	1.57383
12828.99	1.57379
12829.99	1.5736
12830.99	1.57417
12831.99	1.57133
12832.99	1.57298
12833.99	1.57348
12834.99	1.57483
12835.99	1.57201
12836.99	1.57112
12837.99	1.57144
12838.99	1.57223
12839.99	1.57178
12840.99	1.56849
12841.99	1.5674
12842.99	1.56729
12843.99	1.56693
12844.99	1.56838
12845.99	1.56843
12846.99	1.5694
12847.99	1.57044
12848.99	1.56737
12849.99	1.56557
12850.99	1.56387
12851.99	1.56276
12852.99	1.56372
12853.99	1.56394
12854.99	1.56509
12855.99	1.56648
12856.99	1.56716
12857.99	1.56726
12858.99	1.56649
12859.99	1.56464
12860.99	1.56439
12861.99	1.56308
12862.99	1.56502
12863.99	1.56495
12864.99	1.56403
12865.99	1.56244
12866.99	1.55938
12867.99	1.55978
12868.99	1.55907
12869.99	1.56101
12870.99	1.56325
12871.99	1.56219
12872.99	1.56309
12873.99	1.56527
12874.99	1.56731
12875.99	1.56721
12876.99	1.56437
12877.99	1.5596
12878.99	1.55854
12879.99	1.56027
12880.99	1.56326
12881.99	1.56464
12882.99	1.56151
12883.99	1.55932
12884.99	1.55448
12885.99	1.55278
12886.99	1.55425
12887.99	1.55352
12888.99	1.55434
12889.99	1.55561
12890.99	1.55535
12891.99	1.55536
12892.99	1.5579
12893.99	1.55924
12894.99	1.56002
12895.99	1.55868
12896.99	1.5545
12897.99	1.5526
12898.99	1.55275
12899.99	1.55525
12900.99	1.55653
12901.99	1.55594
12902.99	1.55506
12903.99	1.55533
12904.99	1.55489
12905.99	1.55434
12906.99	1.55491
12907.99	1.55333
12908.99	1.55398
12909.99	1.55404
12910.99	1.55411
12911.99	1.5545
12912.99	1.55401
12913.99	1.55246
12914.99	1.55013
12915.99	1.54896
12916.99	1.55071
12917.99	1.55032
12918.99	1.55052
12919.99	1.5511
12920.99	1.55155
12921.99	1.5543
12922.99	1.55818
12923.99	1.55749
12924.99	1.55729
12925.99	1.55275
12926.99	1.55111
12927.99	1.55293
12928.99	1.55492
12929.99	1.55623
12930.99	1.5543
12931.99	1.55485
12932.99	1.5544
12933.99	1.55695
12934.99	1.56188
12935.99	1.56405
12936.99	1.56264
12937.99	1.56027
12938.99	1.55745
12939.99	1.5478
12940.99	1.54942
12941.99	1.55578
12942.99	1.55958
12943.99	1.57259
12944.99	1.57839
12945.99	1.58301
12946.99	1.58532
12947.99	1.5913
12948.99	1.60639
12949.99	1.60201
