# Energies_eV	Pt-foil-5mu
11431.99	0.8481
11432.99	0.84786
11433.99	0.84881
11434.99	0.84828
11435.99	0.84966
11436.99	0.8497
11437.99	0.84919
11438.99	0.84891
11439.99	0.84884
11440.99	0.84934
11441.99	0.84932
11442.99	0.85037
11443.99	0.8494
11444.99	0.85087
11445.99	0.85248
11446.99	0.8533
11447.99	0.85015
11448.99	0.84954
11449.99	0.84922
11450.99	0.84781
11451.99	0.84905
11452.99	0.84937
11453.99	0.85015
11454.99	0.84961
11455.99	0.84914
11456.99	0.85025
11457.99	0.85104
11458.99	0.85083
11459.99	0.85081
11460.99	0.8505
11461.99	0.8512
11462.99	0.84797
11463.99	0.84731
11464.99	0.84881
11465.99	0.84844
11466.99	0.8483
11467.99	0.84803
11468.99	0.84934
11469.99	0.8486
11470.99	0.84697
11471.99	0.8459
11472.99	0.84654
11473.99	0.84573
11474.99	0.84587
11475.99	0.84537
11476.99	0.84555
11477.99	0.8453
11478.99	0.84473
11479.99	0.84431
11480.99	0.84418
11481.99	0.84522
11482.99	0.84607
11483.99	0.8446
11484.99	0.84644
11485.99	0.84394
11486.99	0.84354
11487.99	0.84383
11488.99	0.84358
11489.99	0.8433
11490.99	0.8435
11491.99	0.84272
11492.99	0.84285
11493.99	0.84159
11494.99	0.84107
11495.99	0.84111
11496.99	0.84175
11497.99	0.8412
11498.99	0.84145
11499.99	0.84067
11500.99	0.842
11501.99	0.84188
11502.99	0.84204
11503.99	0.84192
11504.99	0.8412
11505.99	0.84176
11506.99	0.84089
11507.99	0.84099
11508.99	0.84132
11509.99	0.84128
11510.99	0.84251
11511.99	0.84313
11512.99	0.84302
11513.99	0.84225
11514.99	0.84162
11515.99	0.84155
11516.99	0.8424
11517.99	0.8431
11518.99	0.84257
11519.99	0.84128
11520.99	0.84138
11521.99	0.84092
11522.99	0.84224
11523.99	0.84316
11524.99	0.84387
11525.99	0.84426
11526.99	0.84472
11527.99	0.84474
11528.99	0.84681
11529.99	0.84724
11530.99	0.84796
11531.99	0.84859
11532.99	0.84901
11533.99	0.84965
11534.99	0.85257
11535.99	0.85328
11536.99	0.85419
11537.99	0.85707
11538.99	0.8581
11539.99	0.8598
11540.99	0.86319
11541.99	0.86427
11542.99	0.86796
11543.99	0.87304
11544.99	0.87491
11545.99	0.8803
11546.99	0.88709
11547.99	0.88947
11548.99	0.89941
11549.99	0.90862
11550.99	0.91168
11551.99	0.93121
11552.99	0.94473
11553.99	0.95102
11554.99	0.98962
11555.99	1.01808
11556.99	1.0356
11557.99	1.12861
11558.99	1.18848
11559.99	1.23243
11560.99	1.43904
11561.99	1.54886
11562.99	1.63082
11563.99	1.85443
11564.99	1.93752
11565.99	1.98387
11566.99	2.02555
11567.99	2.0372
11568.99	2.03201
11569.99	2.00243
11570.99	1.99437
11571.99	1.98386
11572.99	1.96785
11573.99	1.96463
11574.99	1.96597
11575.99	1.97162
11576.99	1.97546
11577.99	1.98442
11578.99	1.99113
11579.99	1.99221
11580.99	1.98609
11581.99	1.97824
11582.99	1.97518
11583.99	1.96577
11584.99	1.9606
11585.99	1.95897
11586.99	1.96274
11587.99	1.96913
11588.99	1.97258
11589.99	1.99571
11590.99	2.00968
11591.99	2.01631
11592.99	2.03392
11593.99	2.04061
11594.99	2.04199
11595.99	2.03533
11596.99	2.02859
11597.99	2.02459
11598.99	2.01025
11599.99	2.0039
11600.99	1.9991
11601.99	1.98917
11602.99	1.98462
11603.99	1.98147
11604.99	1.97323
11605.99	1.96973
11606.99	1.96583
11607.99	1.96249
11608.99	1.96345
11609.99	1.96654
11610.99	1.97445
11611.99	1.97887
11612.99	1.98539
11613.99	1.99646
11614.99	2.00135
11615.99	2.01021
11616.99	2.02141
11617.99	2.02602
11618.99	2.03146
11619.99	2.03692
11620.99	2.03821
11621.99	2.03804
11622.99	2.03637
11623.99	2.03519
11624.99	2.03193
11625.99	2.02771
11626.99	2.02543
11627.99	2.02007
11628.99	2.01574
11629.99	2.01416
11630.99	2.01091
11631.99	2.0082
11632.99	2.00641
11633.99	2.00305
11634.99	1.99986
11635.99	1.99798
11636.99	1.99067
11637.99	1.98684
11638.99	1.98488
11639.99	1.97764
11640.99	1.97212
11641.99	1.96897
11642.99	1.96135
11643.99	1.95812
11644.99	1.95658
11645.99	1.95254
11646.99	1.95025
11647.99	1.94876
11648.99	1.94626
11649.99	1.94558
11650.99	1.94561
11651.99	1.94661
11652.99	1.94847
11653.99	1.95062
11654.99	1.95501
11655.99	1.95741
11656.99	1.96029
11657.99	1.96747
11658.99	1.9713
11659.99	1.97353
11660.99	1.97891
11661.99	1.98074
11662.99	1.98233
11663.99	1.98542
11664.99	1.98751
11665.99	1.98872
11666.99	1.98917
11667.99	1.98916
11668.99	1.98908
11669.99	1.98937
11670.99	1.9892
11671.99	1.98864
11672.99	1.98721
11673.99	1.9858
11674.99	1.98453
11675.99	1.98255
11676.99	1.98281
11677.99	1.98307
11678.99	1.98242
11679.99	1.98074
11680.99	1.98083
11681.99	1.98171
11682.99	1.98263
11683.99	1.98302
11684.99	1.98388
11685.99	1.98497
11686.99	1.98569
11687.99	1.98671
11688.99	1.98749
11689.99	1.98883
11690.99	1.98916
11691.99	1.98893
11692.99	1.98758
11693.99	1.98611
11694.99	1.98473
11695.99	1.98269
11696.99	1.98006
11697.99	1.97815
11698.99	1.97429
11699.99	1.96923
11700.99	1.96644
11701.99	1.96189
11702.99	1.95775
11703.99	1.95442
11704.99	1.95056
11705.99	1.94558
11706.99	1.94432
11707.99	1.94306
11708.99	1.94229
11709.99	1.94077
11710.99	1.93966
11711.99	1.93744
11712.99	1.93712
11713.99	1.93747
11714.99	1.93843
11715.99	1.93896
11716.99	1.93989
11717.99	1.94266
11718.99	1.94478
11719.99	1.9478
11720.99	1.94958
11721.99	1.95065
11722.99	1.95337
11723.99	1.95656
11724.99	1.95888
11725.99	1.96157
11726.99	1.96429
11727.99	1.965
11728.99	1.96646
11729.99	1.96708
11730.99	1.96741
11731.99	1.96765
11732.99	1.96896
11733.99	1.97033
11734.99	1.97203
11735.99	1.9732
11736.99	1.97348
11737.99	1.97316
11738.99	1.97294
11739.99	1.97314
11740.99	1.97344
11741.99	1.97339
11742.99	1.97214
11743.99	1.97193
11744.99	1.97133
11745.99	1.97144
11746.99	1.97101
11747.99	1.97104
11748.99	1.97175
11749.99	1.97311
11750.99	1.9749
11751.99	1.97518
11752.99	1.9757
11753.99	1.9768
11754.99	1.97736
11755.99	1.97898
11756.99	1.97945
11757.99	1.9798
11758.99	1.98032
11759.99	1.98025
11760.99	1.97934
11761.99	1.97586
11762.99	1.9723
11763.99	1.97031
11764.99	1.96676
11765.99	1.96408
11766.99	1.96227
11767.99	1.95927
11768.99	1.95437
11769.99	1.9517
11770.99	1.94877
11771.99	1.94483
11772.99	1.94346
11773.99	1.94185
11774.99	1.93928
11775.99	1.9377
11776.99	1.93591
11777.99	1.93406
11778.99	1.93406
11779.99	1.93326
11780.99	1.93248
11781.99	1.93144
11782.99	1.93099
11783.99	1.92938
11784.99	1.92916
11785.99	1.92844
11786.99	1.92833
11787.99	1.92788
11788.99	1.9272
11789.99	1.92581
11790.99	1.92527
11791.99	1.92582
11792.99	1.92769
11793.99	1.92895
11794.99	1.92943
11795.99	1.92975
11796.99	1.93025
11797.99	1.93003
11798.99	1.93005
11799.99	1.93004
11800.99	1.93094
11801.99	1.93367
11802.99	1.93525
11803.99	1.93639
11804.99	1.93817
11805.99	1.93916
11806.99	1.94052
11807.99	1.94473
11808.99	1.94687
11809.99	1.94863
11810.99	1.95201
11811.99	1.9535
11812.99	1.95415
11813.99	1.95691
11814.99	1.95866
11815.99	1.96001
11816.99	1.96192
11817.99	1.96287
11818.99	1.96362
11819.99	1.96392
11820.99	1.96346
11821.99	1.96301
11822.99	1.96259
11823.99	1.96272
11824.99	1.9624
11825.99	1.96069
11826.99	1.95903
11827.99	1.95788
11828.99	1.95487
11829.99	1.95291
11830.99	1.95157
11831.99	1.94927
11832.99	1.9467
11833.99	1.94573
11834.99	1.94274
11835.99	1.93938
11836.99	1.93797
11837.99	1.93462
11838.99	1.93095
11839.99	1.92923
11840.99	1.92695
11841.99	1.92466
11842.99	1.92241
11843.99	1.9202
11844.99	1.91706
11845.99	1.9153
11846.99	1.91367
11847.99	1.91201
11848.99	1.9116
11849.99	1.9108
11850.99	1.90997
11851.99	1.90976
11852.99	1.91028
11853.99	1.91101
11854.99	1.91081
11855.99	1.91158
11856.99	1.91227
11857.99	1.91374
11858.99	1.91363
11859.99	1.91433
11860.99	1.9145
11861.99	1.91537
11862.99	1.91468
11863.99	1.9137
11864.99	1.91216
11865.99	1.9114
11866.99	1.91071
11867.99	1.9108
11868.99	1.90973
11869.99	1.90935
11870.99	1.90865
11871.99	1.90711
11872.99	1.90695
11873.99	1.90659
11874.99	1.90595
11875.99	1.90546
11876.99	1.90583
11877.99	1.90743
11878.99	1.90867
11879.99	1.90909
11880.99	1.90977
11881.99	1.91041
11882.99	1.91082
11883.99	1.91125
11884.99	1.91265
11885.99	1.91369
11886.99	1.91494
11887.99	1.91631
11888.99	1.91693
11889.99	1.9177
11890.99	1.91846
11891.99	1.91988
11892.99	1.92105
11893.99	1.92344
11894.99	1.9243
11895.99	1.9247
11896.99	1.92466
11897.99	1.92462
11898.99	1.92524
11899.99	1.92592
11900.99	1.92592
11901.99	1.92603
11902.99	1.92551
11903.99	1.92493
11904.99	1.92465
11905.99	1.92348
11906.99	1.92296
11907.99	1.92261
11908.99	1.92094
11909.99	1.91967
11910.99	1.91758
11911.99	1.91452
11912.99	1.91157
11913.99	1.90994
11914.99	1.90732
11915.99	1.90458
11916.99	1.90356
11917.99	1.90176
11918.99	1.89959
11919.99	1.89836
11920.99	1.8958
11921.99	1.894
11922.99	1.89239
11923.99	1.89153
11924.99	1.88933
11925.99	1.88862
11926.99	1.8875
11927.99	1.88658
11928.99	1.88596
11929.99	1.88577
11930.99	1.88584
11931.99	1.88532
11932.99	1.88557
11933.99	1.88553
11934.99	1.88548
11935.99	1.88542
11936.99	1.88649
11937.99	1.88644
11938.99	1.88676
11939.99	1.88566
11940.99	1.88561
11941.99	1.88544
11942.99	1.88545
11943.99	1.88554
11944.99	1.88541
11945.99	1.88509
11946.99	1.88517
11947.99	1.88559
11948.99	1.88632
11949.99	1.88763
11950.99	1.88703
11951.99	1.88559
11952.99	1.88417
11953.99	1.8842
11954.99	1.88411
11955.99	1.8824
11956.99	1.881
11957.99	1.88027
11958.99	1.87916
11959.99	1.87811
11960.99	1.87736
11961.99	1.87641
11962.99	1.87655
11963.99	1.87716
11964.99	1.87717
11965.99	1.87735
11966.99	1.87683
11967.99	1.87846
11968.99	1.8782
11969.99	1.87883
11970.99	1.87796
11971.99	1.87867
11972.99	1.87878
11973.99	1.87982
11974.99	1.88048
11975.99	1.88071
11976.99	1.88143
11977.99	1.88261
11978.99	1.88194
11979.99	1.88174
11980.99	1.88158
11981.99	1.8826
11982.99	1.88346
11983.99	1.88376
11984.99	1.8833
11985.99	1.88275
11986.99	1.88238
11987.99	1.88325
11988.99	1.88388
11989.99	1.88343
11990.99	1.88192
11991.99	1.88065
11992.99	1.87995
11993.99	1.87979
11994.99	1.88013
11995.99	1.87968
11996.99	1.87994
11997.99	1.88019
11998.99	1.88104
11999.99	1.88082
12000.99	1.87993
12001.99	1.87832
12002.99	1.8773
12003.99	1.87676
12004.99	1.87576
12005.99	1.87285
12006.99	1.87188
12007.99	1.87153
12008.99	1.87062
12009.99	1.86939
12010.99	1.86844
12011.99	1.8665
12012.99	1.86535
12013.99	1.86375
12014.99	1.86196
12015.99	1.86095
12016.99	1.86009
12017.99	1.85807
12018.99	1.85554
12019.99	1.85468
12020.99	1.85262
12021.99	1.85084
12022.99	1.84857
12023.99	1.84704
12024.99	1.84512
12025.99	1.84418
12026.99	1.84392
12027.99	1.84305
12028.99	1.84345
12029.99	1.84328
12030.99	1.84304
12031.99	1.84233
12032.99	1.84329
12033.99	1.84365
12034.99	1.84303
12035.99	1.84164
12036.99	1.84164
12037.99	1.84062
12038.99	1.84042
12039.99	1.83974
12040.99	1.84074
12041.99	1.84176
12042.99	1.84176
12043.99	1.84117
12044.99	1.84076
12045.99	1.84038
12046.99	1.84069
12047.99	1.84076
12048.99	1.8412
12049.99	1.84131
12050.99	1.84135
12051.99	1.84158
12052.99	1.84175
12053.99	1.84219
12054.99	1.84208
12055.99	1.84212
12056.99	1.84308
12057.99	1.84338
12058.99	1.84463
12059.99	1.845
12060.99	1.84505
12061.99	1.84531
12062.99	1.84295
12063.99	1.84285
12064.99	1.84265
12065.99	1.84448
12066.99	1.84592
12067.99	1.84647
12068.99	1.84503
12069.99	1.84322
12070.99	1.84226
12071.99	1.84242
12072.99	1.84227
12073.99	1.84305
12074.99	1.84352
12075.99	1.84517
12076.99	1.84414
12077.99	1.84297
12078.99	1.84117
12079.99	1.83969
12080.99	1.83912
12081.99	1.83904
12082.99	1.83976
12083.99	1.83996
12084.99	1.83987
12085.99	1.83941
12086.99	1.83979
12087.99	1.83973
12088.99	1.83904
12089.99	1.83766
12090.99	1.83728
12091.99	1.83725
12092.99	1.8373
12093.99	1.83781
12094.99	1.83776
12095.99	1.83791
12096.99	1.8363
12097.99	1.83425
12098.99	1.83303
12099.99	1.83362
12100.99	1.83267
12101.99	1.83125
12102.99	1.82897
12103.99	1.82795
12104.99	1.82747
12105.99	1.82722
12106.99	1.82505
12107.99	1.82363
12108.99	1.82348
12109.99	1.82278
12110.99	1.82235
12111.99	1.82191
12112.99	1.82096
12113.99	1.81958
12114.99	1.81809
12115.99	1.81834
12116.99	1.81924
12117.99	1.8189
12118.99	1.81764
12119.99	1.8172
12120.99	1.81658
12121.99	1.81619
12122.99	1.81303
12123.99	1.81255
12124.99	1.81173
12125.99	1.81074
12126.99	1.80969
12127.99	1.81033
12128.99	1.80891
12129.99	1.80733
12130.99	1.80553
12131.99	1.80585
12132.99	1.80518
