# Energies_eV	Co-foil-5mu_final_NoF006
7628.82	2.34535
7629.82	2.33694
7630.82	2.33288
7631.82	2.33229
7632.82	2.33675
7633.82	2.32977
7634.82	2.32941
7635.82	2.32989
7636.82	2.32806
7637.82	2.32695
7638.82	2.32545
7639.82	2.32487
7640.82	2.31969
7641.82	2.31519
7642.82	2.31091
7643.82	2.30564
7644.82	2.30503
7645.82	2.30380
7646.82	2.30227
7647.82	2.29834
7648.82	2.29927
7649.82	2.30002
7650.82	2.29941
7651.82	2.29583
7652.82	2.29263
7653.82	2.29379
7654.82	2.28985
7655.82	2.28597
7656.82	2.28352
7657.82	2.28002
7658.82	2.28261
7659.82	2.28129
7660.82	2.28172
7661.82	2.27952
7662.82	2.27835
7663.82	2.27430
7664.82	2.27262
7665.82	2.27297
7666.82	2.27483
7667.82	2.26993
7668.82	2.26860
7669.82	2.26438
7670.82	2.26611
7671.82	2.26149
7672.82	2.26188
7673.82	2.26208
7674.82	2.26055
7675.82	2.25960
7676.82	2.25790
7677.82	2.25643
7678.82	2.25164
7679.82	2.25483
7680.82	2.25155
7681.82	2.25236
7682.82	2.25045
7683.82	2.25017
7684.82	2.24926
7685.82	2.24769
7686.82	2.24691
7687.82	2.24595
7688.82	2.24564
7689.82	2.24352
7690.82	2.24299
7691.82	2.24367
7692.82	2.24394
7693.82	2.24341
7694.82	2.24173
7695.82	2.24201
7696.82	2.24157
7697.82	2.23980
7698.82	2.24085
7699.82	2.24085
7700.82	2.23919
7701.82	2.24060
7702.82	2.23955
7703.82	2.24238
7704.82	2.24437
7705.82	2.24922
7706.82	2.24988
7707.82	2.25008
7708.82	2.25116
7709.82	2.25146
7710.82	2.25551
7711.82	2.26534
7712.82	2.28044
7713.82	2.30667
7714.82	2.34268
7715.82	2.38876
7716.82	2.43831
7717.82	2.48527
7718.82	2.54237
7719.82	2.58209
7720.82	2.63872
7721.82	2.66799
7722.82	2.70181
7723.82	2.71845
7724.82	2.73987
7725.82	2.74715
7726.82	2.74289
7727.82	2.73309
7728.82	2.70540
7729.82	2.68801
7730.82	2.65955
7731.82	2.64278
7732.82	2.62347
7733.82	2.61321
7734.82	2.60209
7735.82	2.59531
7736.82	2.59083
7737.82	2.58816
7738.82	2.58733
7739.82	2.58476
7740.82	2.58280
7741.82	2.57709
7742.82	2.57303
7743.82	2.56548
7744.82	2.56093
7745.82	2.55181
7746.82	2.54713
7747.82	2.54081
7748.82	2.53892
7749.82	2.53613
7750.82	2.53656
7751.82	2.53661
7752.82	2.53760
7753.82	2.54101
7754.82	2.54356
7755.82	2.54702
7756.82	2.55094
7757.82	2.55440
7758.82	2.55649
7759.82	2.55931
7760.82	2.56198
7761.82	2.56536
7762.82	2.56770
7763.82	2.56825
7764.82	2.56854
7765.82	2.56944
7766.82	2.57317
7767.82	2.57329
7768.82	2.57536
7769.82	2.57708
7770.82	2.57898
7771.82	2.58171
7772.82	2.58435
7773.82	2.58618
7774.82	2.58708
7775.82	2.58708
7776.82	2.58814
7777.82	2.58812
7778.82	2.58799
7779.82	2.58754
7780.82	2.58780
7781.82	2.58825
7782.82	2.58628
7783.82	2.58615
7784.82	2.58525
7785.82	2.58293
7786.82	2.58095
7787.82	2.57913
7788.82	2.57680
7789.82	2.57454
7790.82	2.57206
7791.82	2.56894
7792.82	2.56628
7793.82	2.56348
7794.82	2.56071
7795.82	2.55865
7796.82	2.55590
7797.82	2.55204
7798.82	2.55025
7799.82	2.54780
7800.82	2.54644
7801.82	2.54194
7802.82	2.53918
7803.82	2.53734
7804.82	2.53458
7805.82	2.53239
7806.82	2.53175
7807.82	2.53008
7808.82	2.52882
7809.82	2.52700
7810.82	2.52675
7811.82	2.52479
7812.82	2.52322
7813.82	2.52202
7814.82	2.52256
7815.82	2.52106
7816.82	2.51909
7817.82	2.51761
7818.82	2.51729
7819.82	2.51759
7820.82	2.51607
7821.82	2.51489
7822.82	2.51458
7823.82	2.51394
7824.82	2.51357
7825.82	2.51305
7826.82	2.51286
7827.82	2.51253
7828.82	2.51134
7829.82	2.51092
7830.82	2.50892
7831.82	2.50830
7832.82	2.50807
7833.82	2.50727
7834.82	2.50603
7835.82	2.50519
7836.82	2.50432
7837.82	2.50421
7838.82	2.50394
7839.82	2.50297
7840.82	2.50201
7841.82	2.50111
7842.82	2.49945
7843.82	2.49871
7844.82	2.49828
7845.82	2.49820
7846.82	2.49802
7847.82	2.49764
7848.82	2.49547
7849.82	2.49445
7850.82	2.49363
7851.82	2.49375
7852.82	2.49360
7853.82	2.49245
7854.82	2.49078
7855.82	2.48992
7856.82	2.48801
7857.82	2.48825
7858.82	2.48732
7859.82	2.48615
7860.82	2.48531
7861.82	2.48605
7862.82	2.48542
7863.82	2.48422
7864.82	2.48360
7865.82	2.48336
7866.82	2.48223
7867.82	2.48089
7868.82	2.48029
7869.82	2.47958
7870.82	2.47762
7871.82	2.47611
7872.82	2.47573
7873.82	2.47535
7874.82	2.47352
7875.82	2.47294
7876.82	2.47225
7877.82	2.47090
7878.82	2.46868
7879.82	2.46673
7880.82	2.46519
7881.82	2.46472
7882.82	2.46366
7883.82	2.46251
7884.82	2.46119
7885.82	2.45931
7886.82	2.45892
7887.82	2.45831
7888.82	2.45580
7889.82	2.45411
7890.82	2.45240
7891.82	2.45177
7892.82	2.45071
7893.82	2.45094
7894.82	2.44933
7895.82	2.44689
7896.82	2.44511
7897.82	2.44532
7898.82	2.44498
7899.82	2.44347
7900.82	2.44184
7901.82	2.44073
7902.82	2.43945
7903.82	2.43870
7904.82	2.43770
7905.82	2.43707
7906.82	2.43566
7907.82	2.43441
7908.82	2.43292
7909.82	2.43190
7910.82	2.43171
7911.82	2.43086
7912.82	2.42825
7913.82	2.42754
7914.82	2.42721
7915.82	2.42519
7916.82	2.42315
7917.82	2.42238
7918.82	2.42021
7919.82	2.41973
7920.82	2.41936
7921.82	2.41800
7922.82	2.41762
7923.82	2.41768
7924.82	2.41651
7925.82	2.41531
7926.82	2.41354
7927.82	2.41314
7928.82	2.41237
7929.82	2.41152
