Energies_eV	Nifoil2mu_03_26
8213.195	0.152770387848572
8213.445	0.149025186515576
8213.695	0.151969558207417
8213.945	0.15125979886723
8214.195	0.149493841872902
8214.445	0.151187055203106
8214.695	0.148704090771043
8214.945	0.15237770247064
8215.195	0.151841689017321
8215.445	0.150068206451934
8215.695	0.151932822342328
8215.945	0.1492551602283
8216.195	0.152363598543227
8216.445	0.151324173365772
8216.695	0.149123809284603
8216.945	0.152643524246859
8217.195	0.14851622697064
8217.445	0.15195275066181
8217.695	0.152453368728865
8217.945	0.148902550998288
8218.195	0.15168023827933
8218.445	0.149298892693877
8218.695	0.15185812010673
8218.945	0.152358233848006
8219.195	0.148423990575171
8219.445	0.151651673328898
8219.695	0.148703840125734
8219.945	0.151377497671698
8220.195	0.150998615392797
8220.445	0.148201665063028
8220.695	0.150326435000921
8220.945	0.14699473940206
8221.195	0.150428997938843
8221.445	0.150445694741478
8221.695	0.148119882287845
8221.945	0.150260852103401
8222.195	0.146526047264367
8222.445	0.149729716952703
8222.695	0.149508422363637
8222.945	0.146394300307486
8223.195	0.149987099446533
8223.445	0.147015072068656
8223.695	0.149933359489185
8223.945	0.149818125231042
8224.195	0.146558256589434
8224.445	0.149420586863359
8224.695	0.145825324378233
8224.945	0.148606080571096
8225.195	0.149224099835713
8225.445	0.145795381361733
8225.695	0.148366378226662
8225.945	0.14540855835681
8226.195	0.148786269765569
8226.445	0.148194432431913
8226.695	0.144318779366779
8226.945	0.147111497614039
8227.195	0.143860641536228
8227.445	0.148130125529915
8227.695	0.146562804699379
8227.945	0.144733654509652
8228.195	0.147614296952755
8228.445	0.14371635105804
8228.695	0.147471062832381
8228.945	0.146044739345228
8229.195	0.144234832509212
8229.445	0.146555712243606
8229.695	0.143398898977794
8229.945	0.147172733387763
8230.195	0.145936815946767
8230.445	0.143735103890937
8230.695	0.145632391267238
8230.945	0.142592061166393
8231.195	0.146620754969379
8231.445	0.144391334971803
8231.695	0.144032828690657
8231.945	0.145747297858623
8232.195	0.142527140785017
8232.445	0.145543737904442
8232.695	0.143268758037898
8232.945	0.143603265956096
8233.195	0.144529436750207
8233.445	0.142266103848863
8233.695	0.145809226425375
8233.945	0.143464570996579
8234.195	0.143744839334751
8234.445	0.144360019541465
8234.695	0.1414466584028
8234.945	0.145064523445066
8235.195	0.142113292913583
8235.445	0.14263431680719
8235.695	0.143294312838998
8235.945	0.141222341688274
8236.195	0.143543889520987
8236.445	0.141830912728733
8236.695	0.142419789684653
8236.945	0.142456296685813
8237.195	0.140459785362484
8237.445	0.142672807838651
8237.695	0.141687010979105
8237.945	0.142300703298493
8238.195	0.143014783682051
8238.445	0.14083088591472
8238.695	0.142596450829577
8238.945	0.140988246049587
8239.195	0.141736443322936
8239.445	0.141534774364501
8239.695	0.14029444022727
8239.945	0.14249164931463
8240.195	0.139517837661441
8240.445	0.142788471690141
8240.695	0.14169020246583
8240.945	0.139558552067875
8241.195	0.141609247367709
8241.445	0.138843387190743
8241.695	0.141927177267914
8241.945	0.14116521505498
8242.195	0.139744886973214
8242.445	0.142381237349848
8242.695	0.138967758431481
8242.945	0.141865907978977
8243.195	0.14058058043536
8243.445	0.139557260750123
8243.695	0.141437844329679
8243.945	0.138790977771715
8244.195	0.141814295018591
8244.445	0.139934864743275
8244.695	0.140175680462442
8244.945	0.140084651067061
8245.195	0.138033936366841
8245.445	0.141033158033001
8245.695	0.13790688019164
8245.945	0.139615357283217
8246.195	0.140076342637862
8246.445	0.138141106354523
8246.695	0.140098638228612
8246.945	0.136288588714866
8247.195	0.139952215713234
8247.445	0.138439773707287
8247.695	0.137407655187755
8247.945	0.139381963622281
8248.195	0.136635021053333
8248.445	0.140192229437991
8248.695	0.138199238468491
8248.945	0.13732815432735
8249.195	0.138639447462598
8249.445	0.13628303520406
8249.695	0.13879442248646
8249.945	0.137363183463856
8250.195	0.138060516199764
8250.445	0.138615328935279
8250.695	0.136690489683946
8250.945	0.138757406781032
8251.195	0.13698381713244
8251.445	0.137921764426868
8251.695	0.137801527863576
8251.945	0.136549980422492
8252.195	0.138412959423021
8252.445	0.135702573361437
8252.695	0.138421417289919
8252.945	0.137084149808563
8253.195	0.136133972467721
8253.445	0.137120517557011
8253.695	0.135199648774073
8253.945	0.137625823081781
8254.195	0.136760791983379
8254.445	0.136640967975803
8254.695	0.137670456989136
8254.945	0.135337170920118
8255.195	0.137186159855222
8255.445	0.135638893923236
8255.695	0.136483769449445
8255.945	0.136446511122949
8256.195	0.13537766470137
8256.445	0.13687161724411
8256.695	0.134668789233409
8256.945	0.137034178485353
8257.195	0.135805572571888
8257.445	0.134854375139207
8257.695	0.136394163224993
8257.945	0.134425482451569
8258.195	0.13666038805171
8258.445	0.135720816465862
8258.695	0.135878633829578
8258.945	0.136882389490222
8259.195	0.134306460007089
8259.445	0.13629076963979
8259.695	0.134670242691793
8259.945	0.135914672304332
8260.195	0.135869907133312
8260.445	0.134698634149628
8260.695	0.135843896948455
8260.945	0.134500313840018
8261.195	0.135688035503573
8261.445	0.134576331183092
8261.695	0.134076499907192
8261.945	0.134940242525896
8262.195	0.133061241521648
8262.445	0.134969492323504
8262.695	0.133874689092272
8262.945	0.134028382919379
8263.195	0.134150392567939
8263.445	0.132586924501941
8263.695	0.134048381899433
8263.945	0.13187197033838
8264.195	0.13396561887811
8264.445	0.133414369697243
8264.695	0.132918895662453
8264.945	0.133927252023189
8265.195	0.131312792344917
8265.445	0.13311966165241
8265.695	0.132579592533779
8265.945	0.132676076217413
8266.195	0.133314114218145
8266.445	0.132309205006551
8266.695	0.13384745578285
8266.945	0.132197040803294
8267.195	0.133926833942563
8267.445	0.133298984879205
8267.695	0.132213354305931
8267.945	0.133062937425657
8268.195	0.131850826708864
8268.445	0.133635075347394
8268.695	0.132617255240534
8268.945	0.132684489488763
8269.195	0.132858596689406
8269.445	0.132148251349702
8269.695	0.133009498359886
8269.945	0.131370780234628
8270.195	0.133083521328798
8270.445	0.131999060521271
8270.695	0.132302917858172
8270.945	0.132810758860901
8271.195	0.132088905550982
8271.445	0.132618016288062
8271.695	0.1318081912623
8271.945	0.132425519836489
8272.195	0.132204186808612
8272.445	0.131708420886277
8272.695	0.132293016043042
8272.945	0.131389983102601
8273.195	0.132513651996746
8273.445	0.131687675140949
8273.695	0.131388286836401
8273.945	0.131715022618862
8274.195	0.131023401166411
8274.445	0.131948826387385
8274.695	0.130675346742134
8274.945	0.132083124553016
8275.195	0.131801308411388
8275.445	0.131687775055226
8275.695	0.131811362180262
8275.945	0.131465619669907
8276.195	0.13220277578765
8276.445	0.131974229903076
8276.695	0.131900560866061
8276.945	0.13215445643142
8277.195	0.131854776808009
8277.445	0.132142104122708
8277.695	0.130595018060671
8277.945	0.131630575815958
8278.195	0.131101165307898
8278.445	0.130660849167525
8278.695	0.131445304436557
8278.945	0.130715418221494
8279.195	0.131779770890821
8279.445	0.130933228685325
8279.695	0.131167800188753
8279.945	0.131192525479015
8280.195	0.130735112270614
8280.445	0.131456800569428
8280.695	0.130671182158995
8280.945	0.13141136108721
8281.195	0.13109600759748
8281.445	0.131094208240444
8281.695	0.131000987542242
8281.945	0.130466496485221
8282.195	0.131359396403512
8282.445	0.130258373867931
8282.695	0.131055788529479
8282.945	0.131038653523001
8283.195	0.1306259436906
8283.445	0.131058023815862
8283.695	0.130492641200727
8283.945	0.130996649099044
8284.195	0.130092231464499
8284.445	0.131030218245804
8284.695	0.130588280644471
8284.945	0.130481011551941
8285.195	0.130556243029329
8285.445	0.13029230737961
8285.695	0.130912587503043
8285.945	0.130017836430541
8286.195	0.130345754176247
8286.445	0.130284428837285
8286.695	0.13049405776019
8286.945	0.130856444743867
8287.195	0.130484308306363
8287.445	0.131085541807486
8287.695	0.130504261632927
8287.945	0.13056331914493
8288.195	0.130389842089211
8288.445	0.130507842151049
8288.695	0.130509288493724
8288.945	0.130124526680739
8289.195	0.130603377802284
8289.445	0.130585338136859
8289.695	0.130642039045727
8289.945	0.130334249218285
8290.195	0.130120203252799
8290.445	0.130535854171229
8290.695	0.130404443176399
8290.945	0.130531912373462
8291.195	0.130323693460285
8291.445	0.130559272583141
8291.695	0.130528332343002
8291.945	0.13042150981933
8292.195	0.130308819681505
8292.445	0.130098609850939
8292.695	0.130076726964084
8292.945	0.12999010018157
8293.195	0.129991631028043
8293.445	0.129687148748494
8293.695	0.130066029411889
8293.945	0.12990116747428
8294.195	0.129913601157131
8294.445	0.130036112665787
8294.695	0.130052311648686
8294.945	0.130083917417237
8295.195	0.130346667694883
8295.445	0.130296569359274
8295.695	0.130412248144574
8295.945	0.130123720210354
8296.195	0.130200781462011
8296.445	0.130403730237777
8296.695	0.130326407023048
8296.945	0.130421255396368
8297.195	0.130274587346277
8297.445	0.130489757560892
8297.695	0.130544253794245
8297.945	0.130425334965464
8298.195	0.130192218040692
8298.445	0.130156567825957
8298.695	0.130249017961342
8298.945	0.130000580272161
8299.195	0.130283641612133
8299.445	0.129886714468347
8299.695	0.130079034775771
8299.945	0.130301667734126
8300.195	0.130174749127869
8300.445	0.130140760720777
8300.695	0.129886174438878
8300.945	0.130233317115131
8301.195	0.130127076796015
8301.445	0.130464239576428
8301.695	0.130242993107809
8301.945	0.1304616324812
8302.195	0.130425685618244
8302.445	0.130297877651019
8302.695	0.130357337955216
8302.945	0.130520871511738
8303.195	0.13053715119898
8303.445	0.130503927254509
8303.695	0.130637575855398
8303.945	0.13035738207515
8304.195	0.13047653897935
8304.445	0.130686970056253
8304.695	0.130469025469565
8304.945	0.130620651890422
8305.195	0.130527805234496
8305.445	0.130644613352933
8305.695	0.130776839921763
8305.945	0.130823510880935
8306.195	0.13085029306216
8306.445	0.130848488418304
8306.695	0.130856819521646
8306.945	0.130692892418986
8307.195	0.131006053889607
8307.445	0.130713869430691
8307.695	0.130942939413248
8307.945	0.130900040714889
8308.195	0.131023216385884
8308.445	0.13075026798392
8308.695	0.130581141883579
8308.945	0.1308319317082
8309.195	0.130545966743597
8309.445	0.131023477969668
8309.695	0.130648864642545
8309.945	0.130876154747955
8310.195	0.130485774839505
8310.445	0.131099312732824
8310.695	0.131097796112054
8310.945	0.131137739564437
8311.195	0.131351647441838
8311.445	0.131332136560487
8311.695	0.131632157716205
8311.945	0.131489978639419
8312.195	0.131672906938499
8312.445	0.131291484541169
8312.695	0.13174801451976
8312.945	0.132073873364995
8313.195	0.13209915968917
8313.445	0.132404749823869
8313.695	0.131834669163133
8313.945	0.132516747990283
8314.195	0.131995057654178
8314.445	0.132563021580773
8314.695	0.13229375560609
8314.945	0.132349324119779
8315.195	0.132666378435676
8315.445	0.132597362802325
8315.695	0.132890315750448
8315.945	0.132600561654918
8316.195	0.132839882567193
8316.445	0.132862025271393
8316.695	0.132813395698451
8316.945	0.13301299676911
8317.195	0.133002368723318
8317.445	0.133046576008647
8317.695	0.133094932408027
8317.945	0.133411450700612
8318.195	0.133009860959923
8318.445	0.133214574536395
8318.695	0.133098994306527
8318.945	0.134084772968303
8319.195	0.134230300989068
8319.445	0.134524604719704
8319.695	0.134709127942384
8319.945	0.134657260606881
8320.195	0.134708769999238
8320.445	0.135112459003531
8320.695	0.134916566770908
8320.945	0.135325343033137
8321.195	0.13546466467096
8321.445	0.136033270499182
8321.695	0.136045499703544
8321.945	0.136256186424254
8322.195	0.136257915049742
8322.445	0.136336488464496
8322.695	0.136629983179358
8322.945	0.136905291783932
8323.195	0.138095778144496
8323.445	0.138400057335511
8323.695	0.138799051976153
8323.945	0.138948022848024
8324.195	0.139259026800092
8324.445	0.139174222881759
8324.695	0.139358358324496
8324.945	0.139698062103366
8325.195	0.141103220902444
8325.445	0.142637350015483
8325.695	0.143293775965287
8325.945	0.144185780615408
8326.195	0.144058582183429
8326.445	0.14440581044918
8326.695	0.144676448516325
8326.945	0.144709223133525
8327.195	0.148612821133984
8327.445	0.152763824091348
8327.695	0.155636808155434
8327.945	0.157185709847711
8328.195	0.158997018415952
8328.445	0.159314173946821
8328.695	0.160542438250627
8328.945	0.16139865340819
8329.195	0.167141529848837
8329.445	0.183743363280655
8329.695	0.194059091817829
8329.945	0.200109676035253
8330.195	0.204191496078413
8330.445	0.206899486547408
8330.695	0.209246853739666
8330.945	0.211044521085473
8331.195	0.21343870904183
8331.445	0.239719015092299
8331.695	0.253564738121375
8331.945	0.264270697199754
8332.195	0.269444738502302
8332.445	0.273249198186289
8332.695	0.275369082026104
8332.945	0.277774021727916
8333.195	0.279267519743976
8333.445	0.290928830911853
8333.695	0.30586699676567
8333.945	0.312332236673264
8334.195	0.317353862601573
8334.445	0.32024743268094
8334.695	0.321818036255253
8334.945	0.323231950615005
8335.195	0.324543949692332
8335.445	0.328990584350698
8335.695	0.340744196343333
8335.945	0.348374323504356
8336.195	0.353090786399702
8336.445	0.356060780409135
8336.695	0.358389887840494
8336.945	0.359205710057249
8337.195	0.360781228962994
8337.445	0.362184344748494
8337.695	0.375270340036277
8337.945	0.384035730636631
8338.195	0.390194430763979
8338.445	0.394130073998089
8338.695	0.396305580375255
8338.945	0.398305850805673
8339.195	0.399254162150823
8339.445	0.400965882203114
8339.695	0.41055765668636
8339.945	0.426119993010228
8340.195	0.434486825477896
8340.445	0.440609676986805
8340.695	0.444852491343275
8340.945	0.44679788331443
8341.195	0.449411582846693
8341.445	0.450624152731738
8341.695	0.457170387457864
8341.945	0.480161235662057
8342.195	0.494421112996225
8342.445	0.502684672630474
8342.695	0.509686529782141
8342.945	0.513192459387064
8343.195	0.515619120523478
8343.445	0.518730952566036
8343.695	0.520064389261895
8343.945	0.544487827849088
8344.195	0.562773109004312
8344.445	0.574276367540567
8344.695	0.582013051084556
8344.945	0.587370550383201
8345.195	0.590314133975486
8345.445	0.592541838052735
8345.695	0.595240885262063
8345.945	0.604528649970886
8346.195	0.622288600607634
8346.445	0.631984480494284
8346.695	0.638200012106302
8346.945	0.64253155361954
8347.195	0.644689520261605
8347.445	0.646486040814257
8347.695	0.647609426655597
8347.945	0.649091097661707
8348.195	0.657047137869769
8348.445	0.660907312411098
8348.695	0.663779801719998
8348.945	0.665698475566938
8349.195	0.666678090020522
8349.445	0.666880906271405
8349.695	0.667519176327458
8349.945	0.667663459631066
8350.195	0.668777695754397
8350.445	0.668886388450437
8350.695	0.669789364333828
8350.945	0.669786764773282
8351.195	0.670582578638351
8351.445	0.670506285932634
8351.695	0.670582980217844
8351.945	0.670888518305711
8352.195	0.671854974757985
8352.445	0.674649182185643
8352.695	0.676468240533584
8352.945	0.678339438634452
8353.195	0.678966967806032
8353.445	0.680627391999687
8353.695	0.680651547392101
8353.945	0.681358941377588
8354.195	0.681945819940644
8354.445	0.688425157737494
8354.695	0.691896401046126
8354.945	0.694584018514302
8355.195	0.69704701894219
8355.445	0.697569467929063
8355.695	0.698967780965133
8355.945	0.698835520496247
8356.195	0.699558860085448
8356.445	0.701545320218164
8356.695	0.703662080917333
8356.945	0.705140799240555
8357.195	0.705480829494659
8357.445	0.706438941486258
8357.695	0.7060616595091
8357.945	0.706647149532246
8358.195	0.706355567548169
8358.445	0.706254161253977
8358.695	0.704529939298913
8358.945	0.703278386670627
8359.195	0.702591407585873
8359.445	0.701643235071647
8359.695	0.701652615325234
8359.945	0.700913334679489
8360.195	0.700969094496876
8360.445	0.700252949387656
8360.695	0.698268875374521
8360.945	0.694834838316255
8361.195	0.693709815369566
8361.445	0.692490288115064
8361.695	0.691529262259888
8361.945	0.69151764838571
8362.195	0.690781448660682
8362.445	0.690865696219671
8362.695	0.688627137012606
8362.945	0.685379866199785
8363.195	0.682153545255041
8363.445	0.681884590555243
8363.695	0.679774168167222
8363.945	0.67938521878966
8364.195	0.678986190291693
8364.445	0.678419328644242
8364.695	0.678724022632828
8364.945	0.674959454404942
8365.195	0.67369183328818
8365.445	0.671732891574348
8365.695	0.671573879249366
8365.945	0.670213135958701
8366.195	0.670679286543014
8366.445	0.669639172434531
8366.695	0.669857293837639
8366.945	0.668957429934347
8367.195	0.66759140090387
8367.445	0.667429418093166
8367.695	0.66636422383137
8367.945	0.666861590296088
8368.195	0.665884972743118
8368.445	0.666624626794185
8368.695	0.665893128756634
8368.945	0.666620176135376
8369.195	0.666351552745008
8369.445	0.666964579141406
8369.695	0.667205166909714
8369.945	0.667398989839256
8370.195	0.667916455738909
8370.445	0.66778063495554
8370.695	0.668380407024314
8370.945	0.667914053414132
8371.195	0.670340200116229
8371.445	0.671849870977806
8371.695	0.673762780547843
8371.945	0.673921841178996
8372.195	0.675208953686913
8372.445	0.675672203599407
8372.695	0.675982203036864
8372.945	0.676460398234103
8373.195	0.677698725037628
8373.445	0.681786767249146
8373.695	0.684241203382526
8373.945	0.686081221226788
8374.195	0.687315040638367
8374.445	0.688924129488568
8374.695	0.688989375545532
8374.945	0.689923930116103
8375.195	0.690211340991818
8375.445	0.69503147303023
8375.695	0.699156496840522
8375.945	0.701525294650896
8376.195	0.703770167024499
8376.445	0.704874114996112
8376.695	0.70634670301019
8376.945	0.706470470249135
8377.195	0.707496118167515
8377.445	0.709681055409548
8377.695	0.715095289279698
8377.945	0.717476585624889
8378.195	0.719583974501864
8378.445	0.72144507252227
8378.695	0.722620041889238
8378.945	0.723621897145988
8379.195	0.723670280159077
8379.445	0.724674932889567
8379.695	0.728631558386101
8379.945	0.730999450234705
8380.195	0.732354685352746
8380.445	0.733646439242523
8380.695	0.734064617924558
8380.945	0.735085609104376
8381.195	0.735055817410673
8381.445	0.735464140657936
8381.695	0.735977663138495
8381.945	0.736395763226854
8382.195	0.737025242355806
8382.445	0.736870415821984
8382.695	0.737335266578634
8382.945	0.736802768572379
8383.195	0.737417717207302
8383.445	0.736719856025382
8383.695	0.737385725908143
8383.945	0.733812452405153
8384.195	0.733063936646642
8384.445	0.731293874555459
8384.695	0.730612233302881
8384.945	0.72954198463929
8385.195	0.72888917142067
8385.445	0.728439729571393
8385.695	0.728040107816383
8385.945	0.725468831171494
8386.195	0.721266596234708
8386.445	0.719670892158068
8386.695	0.717552567837813
8386.945	0.716630927343505
8387.195	0.715165728056523
8387.445	0.714864871730441
8387.695	0.714196788123361
8387.945	0.713078590708567
8388.195	0.708070745207387
8388.445	0.705270333781674
8388.695	0.703490009819265
8388.945	0.70173015718578
8389.195	0.701004661585611
8389.445	0.69994964385053
8389.695	0.699614333014312
8389.945	0.699083159082697
8390.195	0.69630727267896
8390.445	0.692163528074491
8390.695	0.691401857219248
8390.945	0.689156526816197
8391.195	0.68851206538819
8391.445	0.687703988689278
8391.695	0.687270409089719
8391.945	0.687094913195838
8392.195	0.685917548312908
8392.445	0.683479646429412
8392.695	0.681676907420511
8392.945	0.681266440318125
8393.195	0.680414883786177
8393.445	0.680514068537844
8393.695	0.679841175192486
8393.945	0.680183753268879
8394.195	0.679578467861043
8394.445	0.678371295119968
8394.695	0.67711098031554
8394.945	0.676397968798984
8395.195	0.67592699525445
8395.445	0.675333470922154
8395.695	0.675221111376456
8395.945	0.674649183929479
8396.195	0.674779130208137
8396.445	0.673245113812777
8396.695	0.671528164738248
8396.945	0.669189222075309
8397.195	0.668787485845415
8397.445	0.666973276708449
8397.695	0.666722436242589
8397.945	0.665226717268222
8398.195	0.664921223704547
8398.445	0.664541394051194
8398.695	0.661849305968617
8398.945	0.659751014246176
8399.195	0.658151183792573
8399.445	0.657160612034015
8399.695	0.65594292573642
8399.945	0.655204882227245
8400.195	0.654415538505391
8400.445	0.654376695293091
8400.695	0.65347274666346
8400.945	0.652618542351576
8401.195	0.651589234633232
8401.445	0.651632249332279
8401.695	0.650868382237344
8401.945	0.651050251127315
8402.195	0.650806412004292
8402.445	0.650906120679001
8402.695	0.650918384915521
8402.945	0.651481164229996
8403.195	0.651769353448581
8403.445	0.651901962872467
8403.695	0.652131305979055
8403.945	0.65216323037731
8404.195	0.652258109282145
8404.445	0.652339432977735
8404.695	0.652682217873719
8404.945	0.652716045626415
8405.195	0.654115847782699
8405.445	0.654515454268463
8405.695	0.655215293611212
8405.945	0.655224399696851
8406.195	0.655873281839894
8406.445	0.656092830449553
8406.695	0.656391207512264
8406.945	0.656563033342004
8407.195	0.65791440248112
8407.445	0.659116343391519
8407.695	0.659815037906608
8407.945	0.660756666114723
8408.195	0.660921736586011
8408.445	0.661732633511251
8408.695	0.661849008311355
8408.945	0.662429649404571
8409.195	0.662868518276653
8409.445	0.664334146423248
8409.695	0.664891862860541
8409.945	0.665687867926438
8410.195	0.666008612940256
8410.445	0.666607054834792
8410.695	0.666781669832804
8410.945	0.667017476277763
8411.195	0.667412372149137
8411.445	0.668498522928606
8411.695	0.669596097692901
8411.945	0.670255827073301
8412.195	0.670921910359963
8412.445	0.671135580379075
8412.695	0.671938938801308
8412.945	0.671802930820089
8413.195	0.672512812158648
8413.445	0.672916299161724
8413.695	0.674592563319841
8413.945	0.6753986577826
8414.195	0.676512633919411
8414.445	0.676867955113074
8414.695	0.677704090193148
8414.945	0.678076403947973
8415.195	0.678538794042827
8415.445	0.678793098522941
8415.695	0.680665122310623
8415.945	0.682420785938301
8416.195	0.683217419409313
8416.445	0.684196345335584
8416.695	0.684652637610652
8416.945	0.685739008501464
8417.195	0.685774945543771
8417.445	0.686505537471729
8417.695	0.686989399490748
8417.945	0.689444184940177
8418.195	0.690181704643275
8418.445	0.691441428275986
8418.695	0.691722764017499
8418.945	0.692756977335984
8419.195	0.692877110514212
8419.445	0.693637009004586
8419.695	0.69381845237083
8419.945	0.696757814587222
8420.195	0.698741753260493
8420.445	0.700317224682995
8420.695	0.701851771639786
8420.945	0.702474892214721
8421.195	0.703678813415294
8421.445	0.704250492100339
8421.695	0.705333045700282
8421.945	0.705192335340062
8422.195	0.706075063516939
8422.445	0.705881784786413
8422.695	0.706752720852554
8422.945	0.70627937817619
8423.195	0.707339670151016
8423.445	0.706844042705935
8423.695	0.707866685346455
8423.945	0.70714710751657
8424.195	0.711304063406367
8424.445	0.714507424165432
8424.695	0.716453130923883
8424.945	0.717999457301262
8425.195	0.719424127706442
8425.445	0.720613585326895
8425.695	0.721368474084018
8425.945	0.722349768619484
8426.195	0.722819740238029
8426.445	0.72332535603048
8426.695	0.723546987216768
8426.945	0.7244452576517
8427.195	0.724452823472858
8427.445	0.725196620229372
8427.695	0.725165937553081
8427.945	0.725969166732645
8428.195	0.725674818383782
8428.445	0.728481076224579
8428.695	0.730874884483381
8428.945	0.732298737637173
8429.195	0.733136112292863
8429.445	0.734257344256978
8429.695	0.73461126541702
8429.945	0.73539815367984
8430.195	0.735891986631735
8430.445	0.736500854165729
8430.695	0.738040743047896
8430.945	0.738847174217153
8431.195	0.739562512961123
8431.445	0.739725184966601
8431.695	0.740128034824953
8431.945	0.740253494637062
8432.195	0.740710023964218
8432.445	0.740408104088847
8432.695	0.740990470063707
8432.945	0.740963996071423
8433.195	0.74115665010858
8433.445	0.740767872735546
8433.695	0.740811068140978
8433.945	0.740531997494106
8434.195	0.740723812135177
8434.445	0.740499541210134
8434.695	0.740781070106893
8434.945	0.739304712728253
8435.195	0.738921938995362
8435.445	0.738003481867664
8435.695	0.737825699802361
8435.945	0.737091468061659
8436.195	0.736753778920802
8436.445	0.736304172273554
8436.695	0.735918314390799
8436.945	0.73452077459582
8437.195	0.732604679876699
8437.445	0.731746479857199
8437.695	0.730617858404159
8437.945	0.730037334184802
8438.195	0.729214136316789
8438.445	0.728686904277785
8438.695	0.727924489104349
8438.945	0.727789069956024
8439.195	0.72514864688085
8439.445	0.723788516496895
8439.695	0.722113035356956
8439.945	0.721366946091762
8440.195	0.720122505837271
8440.445	0.719688998850685
8440.695	0.71869420795267
8440.945	0.718308037001086
8441.195	0.716554601239076
8441.445	0.714379101817685
8441.695	0.712097880234027
8441.945	0.711468232133666
8442.195	0.709887057161407
8442.445	0.709265631131321
8442.695	0.708533136578777
8442.945	0.707890338013026
8443.195	0.707419030042387
8443.445	0.704837810605143
8443.695	0.702849085440075
8443.945	0.701527965042151
8444.195	0.700472823903485
8444.445	0.699572037803886
8444.695	0.698659817876525
8444.945	0.697956217827713
8445.195	0.697413002090543
8445.445	0.696147847352133
8445.695	0.694181135288791
8445.945	0.692903921036672
8446.195	0.693430338560011
8446.445	0.692254486812078
8446.695	0.691952277178602
8446.945	0.691206345305798
8447.195	0.691078808274468
8447.445	0.690295083890833
8447.695	0.689005907014804
8447.945	0.687177586546276
8448.195	0.685273476838718
8448.445	0.683568819707337
8448.695	0.683289716220516
8448.945	0.681953749447471
8449.195	0.68176955218515
8449.445	0.680983202257662
8449.695	0.681008734674811
8449.945	0.677550816992297
8450.195	0.67659847311505
8450.445	0.675349746306422
8450.695	0.674422613257992
8450.945	0.673679748478989
8451.195	0.672751180211954
8451.445	0.672249957093653
8451.695	0.671392645127188
8451.945	0.670030998943486
8452.195	0.667710162812051
8452.445	0.666263061654216
8452.695	0.665172185132618
8452.945	0.664347491500404
8453.195	0.663450132046644
8453.445	0.66292343061934
8453.695	0.662155227616659
8453.945	0.661754377445894
8454.195	0.658788085178806
8454.445	0.657387926286056
8454.695	0.655786892601653
8454.945	0.655138017322881
8455.195	0.653955872964037
8455.445	0.653510790341972
8455.695	0.652540744423068
8455.945	0.652251850997839
8456.195	0.65090633141694
8456.445	0.649186298103066
8456.695	0.647583850444074
8456.945	0.646976035185083
8457.195	0.645740881790738
8457.445	0.645323305596552
8457.695	0.644540211208084
8457.945	0.644229747901115
8458.195	0.64362655304544
8458.445	0.642474178900971
8458.695	0.640626121746123
8458.945	0.640383644861264
8459.195	0.639449498215296
8459.445	0.639629513716475
8459.695	0.638798492684033
8459.945	0.63905439592797
8460.195	0.638670042285091
8460.445	0.638631309111984
8460.695	0.638167062182822
8460.945	0.638125352834796
8461.195	0.637732860512078
8461.445	0.637539302582673
8461.695	0.637508256703854
8461.945	0.637390811838378
8462.195	0.637345764703358
8462.445	0.637360707940682
8462.695	0.637422033193909
8462.945	0.63748128936144
8463.195	0.637754392867489
8463.445	0.638029421497675
8463.695	0.638030595057384
8463.945	0.638423664781066
8464.195	0.638563669801013
8464.445	0.638511066914779
8464.695	0.638890073347814
8464.945	0.639987220294547
8465.195	0.640916839124684
8465.445	0.641502869294433
8465.695	0.642156782727968
8465.945	0.642385871600375
8466.195	0.643248553264313
8466.445	0.643490051159015
8466.695	0.644110641417535
8466.945	0.644734071730063
8467.195	0.646443772959219
8467.445	0.647053264327814
8467.695	0.648136472394512
8467.945	0.648493798316537
8468.195	0.649142829598468
8468.445	0.649323134483068
8468.695	0.649918348799684
8468.945	0.649945649683259
8469.195	0.651779016704142
8469.445	0.65301534260963
8469.695	0.654132215789815
8469.945	0.654624114108385
8470.195	0.655681804556422
8470.445	0.655664879640112
8470.695	0.656481263447061
8470.945	0.656234743911425
8471.195	0.657304198451174
8471.445	0.659192190122138
8471.695	0.660482495873156
8471.945	0.660919009808693
8472.195	0.661737344706247
8472.445	0.661760229200055
8472.695	0.662876179845146
8472.945	0.662780258980661
8473.195	0.663468925536006
8473.445	0.663870402223232
8473.695	0.66555651014281
8473.945	0.666103897685792
8474.195	0.666975361484873
8474.445	0.667166667934648
8474.695	0.66803304674136
8474.945	0.668037493233013
8475.195	0.668640620498521
8475.445	0.668624478747163
8475.695	0.669958503095362
8475.945	0.670365331571925
8476.195	0.670872240025965
8476.445	0.670730521230934
8476.695	0.671002576587097
8476.945	0.670908343134156
8477.195	0.670890059630477
8477.445	0.670973073300112
8477.695	0.67096891334041
8477.945	0.671071490614889
8478.195	0.671040314654736
8478.445	0.671105382762066
8478.695	0.671268561807484
8478.945	0.671370849192
8479.195	0.671228180307103
8479.445	0.671206685199354
8479.695	0.670949088370007
8479.945	0.671115219794186
8480.195	0.670889265840555
8480.445	0.670645520842126
8480.695	0.670705759137667
8480.945	0.670586483337774
8481.195	0.670520689546447
8481.445	0.670504241595483
8481.695	0.670488574831428
8481.945	0.67045091817213
8482.195	0.670582485860939
8482.445	0.670551506911953
8482.695	0.670486118196937
8482.945	0.670237075897727
8483.195	0.670013497314247
8483.445	0.670112675992723
8483.695	0.670070846152226
8483.945	0.670430169908501
8484.195	0.670490530912938
8484.445	0.671195514385879
8484.695	0.671490310904223
8484.945	0.672081454061478
8485.195	0.672519354363078
8485.445	0.672888769240331
8485.695	0.673285188237137
8485.945	0.673788943603682
8486.195	0.673975129107385
8486.445	0.67521460303548
8486.695	0.676776840582073
8486.945	0.678132765292912
8487.195	0.679106127785874
8487.445	0.680044774693363
8487.695	0.680672895319752
8487.945	0.681419105923214
8488.195	0.681848037736691
8488.445	0.682700605432611
8488.695	0.685602442134221
8488.945	0.687526056071589
8489.195	0.688740300287862
8489.445	0.689838684018644
8489.695	0.690933168744604
8489.945	0.691869615523524
8490.195	0.692593417970659
8490.445	0.693430065828221
8490.695	0.694533287304928
8490.945	0.697794028190234
8491.195	0.699731233458437
8491.445	0.701223210949094
8491.695	0.702244159047835
8491.945	0.703362784040111
8492.195	0.704033905137085
8492.445	0.704901755503969
8492.695	0.705275936980703
8492.945	0.70741902829247
8493.195	0.710104013887884
8493.445	0.711611242807699
8493.695	0.712752019701543
8493.945	0.713685504793296
8494.195	0.714310328207837
8494.445	0.715053376421739
8494.695	0.715628411813063
8494.945	0.716306905740338
8495.195	0.718640198805695
8495.445	0.720200880242358
8495.695	0.721217160804764
8495.945	0.722290025812113
8496.195	0.72284217913193
8496.445	0.72361424524948
8496.695	0.723847731770416
8496.945	0.724270467071086
8497.195	0.724910670380314
8497.445	0.726373927024423
8497.695	0.727288474754395
8497.945	0.727697840265518
8498.195	0.728375051634722
8498.445	0.728478243914546
8498.695	0.728767375609302
8498.945	0.729002239635595
8499.195	0.729229152743183
8499.445	0.729719777730756
8499.695	0.730525314131735
8499.945	0.730841213252855
8500.195	0.731127001739963
8500.445	0.731166569047555
8500.695	0.73140921907729
8500.945	0.731517229960162
8501.195	0.731781184312209
8501.445	0.731801770492539
8501.695	0.732168759930276
8501.945	0.732075049055556
8502.195	0.73213083936884
8502.445	0.732040308519292
8502.695	0.732228417446025
8502.945	0.732075786665559
8503.195	0.732145592968787
8503.445	0.731943116003808
8503.695	0.732037157439398
8503.945	0.731468819980689
8504.195	0.731382731602347
8504.445	0.731224206176409
8504.695	0.731074105282071
8504.945	0.730646809865768
8505.195	0.730616819592171
8505.445	0.730292176664847
8505.695	0.730044413350028
8505.945	0.729430022330002
8506.195	0.72847531493763
8506.445	0.727594436484113
8506.695	0.727010364078536
8506.945	0.726239409491852
8507.195	0.725839112197788
8507.445	0.725183482335649
8507.695	0.724740390611193
8507.945	0.724271149444955
8508.195	0.722974109529202
8508.445	0.721028448659404
8508.695	0.720181642957626
8508.945	0.719098066634637
8509.195	0.718472347476505
8509.445	0.717568497392015
8509.695	0.717171872101868
8509.945	0.716491319453886
8510.195	0.715819539169205
8510.445	0.712724371377895
8510.695	0.711436089643007
8510.945	0.70975692658842
8511.195	0.708840744892421
8511.445	0.707676123059066
8511.695	0.707027772788151
8511.945	0.70602588195211
8512.195	0.705464078887433
8512.445	0.703710120039467
8512.695	0.700653364224648
8512.945	0.698226097467638
8513.195	0.69683948298474
8513.445	0.695337901148957
8513.695	0.694180751548359
8513.945	0.693093081899266
8514.195	0.692079662471599
8514.445	0.691265818750287
8514.695	0.688360415665159
8514.945	0.684805664016662
8515.195	0.682776671502999
8515.445	0.680921353213318
8515.695	0.67961760587463
8515.945	0.678342640707885
8516.195	0.677283369023551
8516.445	0.676224086316897
8516.695	0.675287168130309
8516.945	0.670979458878166
8517.195	0.668379904227851
8517.445	0.666160974867013
8517.695	0.664481127667661
8517.945	0.662972187190666
8518.195	0.661770820744068
8518.445	0.660619050851812
8518.695	0.659592439483086
8518.945	0.657945197650641
8519.195	0.653680218688399
8519.445	0.651261548058021
8519.695	0.649366687243037
8519.945	0.647680322435284
8520.195	0.646614338354968
8520.445	0.645353454622346
8520.695	0.644681675856673
8520.945	0.643640542992877
8521.195	0.641960792643614
8521.445	0.638990591182125
8521.695	0.636217729475252
8521.945	0.634982423671877
8522.195	0.6335448949873
8522.445	0.632542536951096
8522.695	0.631661489699835
8522.945	0.630748398585812
8523.195	0.630210223130302
8523.445	0.627739461545397
8523.695	0.625064439282477
8523.945	0.624033917815793
8524.195	0.622733593991667
8524.445	0.62210100504846
8524.695	0.621288368367778
8524.945	0.620676381775504
8525.195	0.620237929998857
8525.445	0.619818963599219
8525.695	0.618199323533374
8525.945	0.617455890035734
8526.195	0.616593242841424
8526.445	0.616197815722515
8526.695	0.615688548719171
8526.945	0.615562104079581
8527.195	0.615436228203853
8527.445	0.615318781540926
8527.695	0.614834863722118
8527.945	0.614528515325729
8528.195	0.614454861920146
8528.445	0.614523407943088
8528.695	0.614682874756436
8528.945	0.614489250176142
8529.195	0.614576420570966
8529.445	0.61447303616258
8529.695	0.614900761480835
8529.945	0.615088619756585
8530.195	0.61585560923198
8530.445	0.61613601600904
8530.695	0.616584286120229
8530.945	0.616771254718753
8531.195	0.617531994185328
8531.445	0.617589407528263
8531.695	0.618236474028828
8531.945	0.618186344608082
8532.195	0.619576133703531
8532.445	0.620380115311196
8532.695	0.621453589124327
8532.945	0.622049257795526
8533.195	0.623079442436424
8533.445	0.623312928680949
8533.695	0.624280034229905
8533.945	0.624333705063461
8534.195	0.625217160124693
8534.445	0.627205403141792
8534.695	0.628683575312289
8534.945	0.629705184426093
8535.195	0.630444847198314
8535.445	0.631184182110308
8535.695	0.631819381075542
8535.945	0.632479697861657
8536.195	0.632838771244657
8536.445	0.633544162577994
8536.695	0.635598600441309
8536.945	0.636938098584172
8537.195	0.63794972838439
8537.445	0.63875039451248
8537.695	0.639463648376053
8537.945	0.640095741351241
8538.195	0.640618690556927
8538.445	0.64128845004393
8538.695	0.642121998026055
8538.945	0.644256668519677
8539.195	0.645271278588742
8539.445	0.646300516706463
8539.695	0.647028171994662
8539.945	0.64768627063615
8540.195	0.647934683269349
8540.445	0.648409496136867
8540.695	0.648619914997783
8540.945	0.649998616602882
8541.195	0.651293958546975
8541.445	0.652189802305415
8541.695	0.652799218709044
8541.945	0.653659696900839
8542.195	0.654018953146703
8542.445	0.654587013079755
8542.695	0.654591323765502
8542.945	0.655116120519027
8543.195	0.656120111663869
8543.445	0.656897875606818
8543.695	0.657664668160083
8543.945	0.657821270187729
8544.195	0.65822300022363
8544.445	0.658343109511225
8544.695	0.658794472268772
8544.945	0.658908758103592
8545.195	0.659255223384883
8545.445	0.660332314857059
8545.695	0.660692043608039
8545.945	0.660979544215962
8546.195	0.661405315223791
8546.445	0.661458193557916
8546.695	0.661665680804281
8546.945	0.661580231193048
8547.195	0.661747045530534
8547.445	0.661762123944897
8547.695	0.661946851038069
8547.945	0.662249047675807
8548.195	0.662203908324167
8548.445	0.662189720187247
8548.695	0.66209753558996
8548.945	0.662215213639151
8549.195	0.662333652274047
8549.445	0.662382367153057
8549.695	0.66223740460553
8549.945	0.66230375032453
8550.195	0.661988666100315
8550.445	0.662241777226458
8550.695	0.66220282518472
8550.945	0.662279638710284
8551.195	0.662091864633188
8551.445	0.662131664025709
8551.695	0.661775643836845
8551.945	0.661863991234262
8552.195	0.66152445995498
8552.445	0.661658440823892
8552.695	0.661287227345397
8552.945	0.661327035238087
8553.195	0.661123143914446
8553.445	0.661060918259176
8553.695	0.660899400788567
8553.945	0.660947017416563
8554.195	0.660128842667935
8554.445	0.659972274728334
8554.695	0.659603904264565
8554.945	0.65948782552766
8555.195	0.659239951210127
8555.445	0.659279514405742
8555.695	0.659159993323498
8555.945	0.659252187742412
8556.195	0.659013245561199
8556.445	0.658631306705887
8556.695	0.658368966897779
8556.945	0.657856320694834
8557.195	0.657835771815388
8557.445	0.657520473188504
8557.695	0.657443010717397
8557.945	0.657128922123842
8558.195	0.656936228565244
8558.445	0.656704891765842
8558.695	0.65617285031182
8558.945	0.655698426687479
8559.195	0.655691516211425
8559.445	0.655384243935814
8559.695	0.655188521354874
8559.945	0.654871007214112
8560.195	0.654625626336292
8560.445	0.654480956560488
8560.695	0.653955559478987
8560.945	0.65317990055044
8561.195	0.652788676411158
8561.445	0.652266499270684
8561.695	0.652027090860333
8561.945	0.651752665339228
8562.195	0.651449467278693
8562.445	0.65123453099844
8562.695	0.651080717051444
8562.945	0.650557613850205
8563.195	0.649905582162656
8563.445	0.649670329996645
8563.695	0.649179113395339
8563.945	0.649038267312452
8564.195	0.648656078333831
8564.445	0.648667727751488
8564.695	0.648340672950268
8564.945	0.648493455752323
8565.195	0.647477845265404
8565.445	0.647522680636231
8565.695	0.647100491594661
8565.945	0.647211825159225
8566.195	0.647044359990977
8566.445	0.646986570234839
8566.695	0.64688634881719
8566.945	0.646776940256476
8567.195	0.646990983594458
8567.445	0.646766762089372
8567.695	0.647081644335108
8567.945	0.647022546657129
8568.195	0.647285057824076
8568.445	0.647378817901112
8568.695	0.647817169326267
8568.945	0.647768094943147
8569.195	0.648191671883155
8569.445	0.648366772080825
8569.695	0.649334076370419
8569.945	0.649875929724725
8570.195	0.65031031658207
8570.445	0.650758875169042
8570.695	0.650954862290114
8570.945	0.651343872180038
8571.195	0.651496853339764
8571.445	0.652000530590833
8571.695	0.652369696100183
8571.945	0.653645770224541
8572.195	0.654375454370893
8572.445	0.655054220268526
8572.695	0.655571888195541
8572.945	0.656152900902491
8573.195	0.656740786797647
8573.445	0.657185026980506
8573.695	0.657498600702655
8573.945	0.658523281985564
8574.195	0.65977957754592
8574.445	0.660435238182046
8574.695	0.661391777853874
8574.945	0.66193234225362
8575.195	0.662576483898976
8575.445	0.662821891224838
8575.695	0.663377109397079
8575.945	0.663274221659691
8576.195	0.66480339553839
8576.445	0.665923654269601
8576.695	0.666650192250098
8576.945	0.667221525547126
8577.195	0.667965204495452
8577.445	0.66831311038397
8577.695	0.668953730697624
8577.945	0.669319877407571
8578.195	0.669762757318158
8578.445	0.671081063489471
8578.695	0.67193152975782
8578.945	0.672470307782213
8579.195	0.673086111174212
8579.445	0.673582738857916
8579.695	0.673766502018481
8579.945	0.674233139081095
8580.195	0.67425892002867
8580.445	0.674815658999254
8580.695	0.675802655710515
8580.945	0.676565059656066
8581.195	0.676969608942816
8581.445	0.677387996266076
8581.695	0.677531867430232
8581.945	0.677923598566242
8582.195	0.678012293790919
8582.445	0.678398253921304
8582.695	0.678435641446028
8582.945	0.678776330320418
8583.195	0.679172002292005
8583.445	0.679408431629907
8583.695	0.679990566583155
8583.945	0.680014935882483
8584.195	0.680476257505225
8584.445	0.680323859195045
8584.695	0.680550400477403
8584.945	0.680715497946178
8585.195	0.681258874456543
8585.445	0.681501731477991
8585.695	0.681805469634987
8585.945	0.681711499996519
8586.195	0.681913312134253
8586.445	0.681914538250002
8586.695	0.682136748214696
8586.945	0.682117643988233
8587.195	0.681838069060786
8587.445	0.681879209568958
8587.695	0.681245611282869
8587.945	0.681346285630631
8588.195	0.681145334054966
8588.445	0.681297227376132
8588.695	0.68093734404121
8588.945	0.68083032908478
8589.195	0.680637209262949
8589.445	0.680667622394369
8589.695	0.680155101866024
8589.945	0.680056495638744
8590.195	0.679732409896065
8590.445	0.679163504575167
8590.695	0.67917155392375
8590.945	0.678689287808839
8591.195	0.678834685652311
8591.445	0.678336235460084
8591.695	0.677625096969703
8591.945	0.676492447116379
8592.195	0.676000208127333
8592.445	0.67535729753521
8592.695	0.675016803600216
8592.945	0.674439217100312
8593.195	0.674262622523508
8593.445	0.673683697187604
8593.695	0.673339548698016
8593.945	0.672265596961362
8594.195	0.671193858283386
8594.445	0.670643833358836
8594.695	0.669662750622231
8594.945	0.669091761852019
8595.195	0.668461755162496
8595.445	0.667926402859853
8595.695	0.667450159986989
8595.945	0.667200595432952
8596.195	0.664995115949719
8596.445	0.66404321132252
8596.695	0.663094708356782
8596.945	0.662453291626823
8597.195	0.661798413500546
8597.445	0.661160865971562
8597.695	0.660739888695177
8597.945	0.660013920065373
8598.195	0.659614996543126
8598.445	0.657924951717547
8598.695	0.656763288713807
8598.945	0.655671339757042
8599.195	0.654824007946093
8599.445	0.654044546840342
8599.695	0.653275147143802
8599.945	0.652797334039276
8600.195	0.652147806423278
8600.445	0.651523828608025
8600.695	0.649375276609378
8600.945	0.648490842732287
8601.195	0.647362806587193
8601.445	0.64703256718121
8601.695	0.646188583374769
8601.945	0.645718001879348
8602.195	0.645072789418049
8602.445	0.644823675914925
8602.695	0.643771194439836
8602.945	0.64207235132742
8603.195	0.640689905081664
8603.445	0.639661556687457
8603.695	0.638994663678968
8603.945	0.63842150353764
8604.195	0.638027554642958
8604.445	0.637295739434911
8604.695	0.636983806333318
8604.945	0.6361323536042
8605.195	0.634881839486392
8605.445	0.633707170074812
8605.695	0.633087258890088
8605.945	0.632378277285345
8606.195	0.631790050374466
8606.445	0.631398648487289
8606.695	0.630884593058312
8606.945	0.630481771932572
8607.195	0.629586062161848
8607.445	0.628808886713413
8607.695	0.627803445020162
8607.945	0.627659359915626
8608.195	0.626922158595751
8608.445	0.626712847448406
8608.695	0.626109240163915
8608.945	0.625891292002478
8609.195	0.625749804463184
8609.445	0.625254001858226
8609.695	0.624462864527232
8609.945	0.623784513112793
8610.195	0.623690437401396
8610.445	0.623119329203771
8610.695	0.623127847598098
8610.945	0.622848411343286
8611.195	0.622693705227815
8611.445	0.622596114524289
8611.695	0.622022251640531
8611.945	0.621341070611349
8612.195	0.621055780148205
8612.445	0.620755901033083
8612.695	0.620523738455516
8612.945	0.620408641886012
8613.195	0.62013858501203
8613.445	0.620236041322904
8613.695	0.619954170824734
8613.945	0.619898963504342
8614.195	0.619615693047953
8614.445	0.619527136646538
8614.695	0.619342200536045
8614.945	0.619354511919457
8615.195	0.619329004182658
8615.445	0.61930590849671
8615.695	0.619111964985222
8615.945	0.619011796409364
8616.195	0.618878409564065
8616.445	0.618821004732412
8616.695	0.618909329285403
8616.945	0.618883530571796
8617.195	0.619025230743694
8617.445	0.618815418117399
8617.695	0.618994452916835
8617.945	0.619008593164096
8618.195	0.619046823956486
8618.445	0.61922607064942
8618.695	0.618979670302959
8618.945	0.619220238042453
8619.195	0.618902238388081
8619.445	0.618996055427242
8619.695	0.618820228455827
8619.945	0.618962043959538
8620.195	0.618865747834926
8620.445	0.618997210445205
8620.695	0.618731883621308
8620.945	0.618784003605493
8621.195	0.61882859337269
8621.445	0.618661195903863
8621.695	0.618748239439313
8621.945	0.618540614893661
8622.195	0.618662138533156
8622.445	0.618514427420378
8622.695	0.618611162658058
8622.945	0.618466368881894
8623.195	0.618336658850686
8623.445	0.618238393308061
8623.695	0.618238354030071
8623.945	0.618056203450379
8624.195	0.618079327478957
8624.445	0.618152537745069
8624.695	0.618002405431361
8624.945	0.618117568082016
8625.195	0.618081648521591
8625.445	0.618226467544684
8625.695	0.618018150489658
8625.945	0.618376014002563
8626.195	0.618319905928783
8626.445	0.618360697536692
8626.695	0.618238357405945
8626.945	0.618151347193739
8627.195	0.618383880113362
8627.445	0.618018494405985
8627.695	0.618235639050213
8627.945	0.618048577636997
8628.195	0.617946147010631
8628.445	0.617944512430343
8628.695	0.617838140228211
8628.945	0.617971420990271
8629.195	0.617772270979512
8629.445	0.617755726280998
8629.695	0.617581654805075
8629.945	0.617582769787648
8630.195	0.617564086879247
8630.445	0.617650902293964
8630.695	0.617437092178916
8630.945	0.617515093476273
8631.195	0.617356655483397
8631.445	0.617512591577726
8631.695	0.617698822538995
8631.945	0.617519060384737
8632.195	0.617796954965343
8632.445	0.617552934250438
8632.695	0.617857043215745
8632.945	0.617760696608519
8633.195	0.617950954121402
8633.445	0.617915759164106
8633.695	0.617878657794708
8633.945	0.617718386120477
8634.195	0.617810381520253
8634.445	0.618024566772191
8634.695	0.617809915809907
8634.945	0.618032138462339
8635.195	0.617760959412582
8635.445	0.617920592295728
8635.695	0.617815789253888
8635.945	0.618101924175026
8636.195	0.618180592186212
8636.445	0.618302114450343
8636.695	0.618556324503249
8636.945	0.618515581282383
8637.195	0.618762030415171
8637.445	0.618846022199335
8637.695	0.619061789844635
8637.945	0.61903111336467
8638.195	0.619203397712533
8638.445	0.619120289597082
8638.695	0.619523054088697
8638.945	0.619755943197049
8639.195	0.619909689955354
8639.445	0.620095152605224
8639.695	0.620253766489786
8639.945	0.620597446637172
8640.195	0.62057991734194
8640.445	0.620867816145689
8640.695	0.621041668425565
8640.945	0.621429671873607
8641.195	0.621623984658395
8641.445	0.62162662034745
8641.695	0.621927255467242
8641.945	0.621852222080932
8642.195	0.622121416641129
8642.445	0.622101294879106
8642.695	0.622243056323465
8642.945	0.622395247688708
8643.195	0.622968166788747
8643.445	0.623378915479474
8643.695	0.623742732035106
8643.945	0.624003154803289
8644.195	0.624023293043694
8644.445	0.624412264832231
8644.695	0.624164654695431
8644.945	0.624566441710217
8645.195	0.624468871099346
8645.445	0.624774203467862
8645.695	0.624754881531594
8645.945	0.625008907570893
8646.195	0.624975831857737
8646.445	0.624972204913842
8646.695	0.625228487045207
8646.945	0.625063563967573
8647.195	0.625512252412911
8647.445	0.625487468570562
8647.695	0.626020156836495
8647.945	0.626362437353198
8648.195	0.626645377907798
8648.445	0.626695196297019
8648.695	0.626864426852676
8648.945	0.627065382720136
8649.195	0.626972198060403
8649.445	0.627150758443912
8649.695	0.627228869964647
8649.945	0.62765565594504
8650.195	0.62761943266847
8650.445	0.627487751035095
8650.695	0.627839353710272
8650.945	0.627741196933129
8651.195	0.627891884465428
8651.445	0.627949579104251
8651.695	0.628160562195026
8651.945	0.628156578216259
8652.195	0.628376999390655
8652.445	0.628663280510662
8652.695	0.62877626118118
8652.945	0.628860660876906
8653.195	0.628910125864981
8653.445	0.629110108472374
8653.695	0.628986494584742
8653.945	0.629136996797901
8654.195	0.629101622041087
8654.445	0.629527651415026
8654.695	0.629455696381443
8654.945	0.629728361318158
8655.195	0.629828474863639
8655.445	0.629697306555205
8655.695	0.629954431032027
8655.945	0.629739514830261
8656.195	0.62995700550148
8656.445	0.629903449803543
8656.695	0.630038472296618
8656.945	0.630351949977011
8657.195	0.630175093721636
8657.445	0.630504189209954
8657.695	0.630312533383572
8657.945	0.630492347110465
8658.195	0.630465703569219
8658.445	0.630478215229434
8658.695	0.630607673640845
8658.945	0.630788287462878
8659.195	0.630700498658838
8659.445	0.630858984702176
8659.695	0.631039887548318
8659.945	0.630892411590031
8660.195	0.63114972784607
8660.445	0.631051008249478
8660.695	0.63120659283123
8660.945	0.631221479929249
8661.195	0.631423950615868
8661.445	0.631574369011966
8661.695	0.631575121025406
8661.945	0.631757117046905
8662.195	0.631778619759726
8662.445	0.632017863556411
8662.695	0.632116980088086
8662.945	0.632426340973914
8663.195	0.632458545286674
8663.445	0.632976212525888
8663.695	0.63326499636628
8663.945	0.633523406865086
8664.195	0.633696806920718
8664.445	0.633609865562406
8664.695	0.633785327094316
8664.945	0.633782579912824
8665.195	0.633892921270591
8665.445	0.633970211642842
8665.695	0.634015763068096
8665.945	0.634370598896901
8666.195	0.634451117529665
8666.445	0.634509215762141
8666.695	0.634649588108046
8666.945	0.634448955264232
8667.195	0.634548651403757
8667.445	0.634426220753382
8667.695	0.634680182398636
8667.945	0.635096695422829
8668.195	0.635112143508842
8668.445	0.635134477538948
8668.695	0.635234257834879
8668.945	0.635315857636598
8669.195	0.635605382108427
8669.445	0.635606654411444
8669.695	0.63569459266741
8669.945	0.635841463352436
8670.195	0.636170202645218
8670.445	0.63653822844899
8670.695	0.636661838475728
8670.945	0.637010489665407
8671.195	0.637293260037539
8671.445	0.637443941884646
8671.695	0.637732222636214
8671.945	0.637458739759301
8672.195	0.637717661091829
8672.445	0.637645892709067
8672.695	0.638068229954015
8672.945	0.638183014160347
8673.195	0.638374308722938
8673.445	0.638139251187293
8673.695	0.638205199347843
8673.945	0.638174812619768
8674.195	0.638198182373462
8674.445	0.638534619205653
8674.695	0.638650246941888
8674.945	0.638714436021274
8675.195	0.638603301592857
8675.445	0.638476295261407
8675.695	0.638530407198716
8675.945	0.638288919081255
8676.195	0.638395845073881
8676.445	0.638255833608312
8676.695	0.638062815474351
8676.945	0.638013294163148
8677.195	0.637563025139023
8677.445	0.637735275266989
8677.695	0.637450978668726
8677.945	0.637496829852553
8678.195	0.637366393210946
8678.445	0.637317198507193
8678.695	0.637321677903557
8678.945	0.63719226176214
8679.195	0.636986349754948
8679.445	0.636819564054987
8679.695	0.636620076343526
8679.945	0.636352056878559
8680.195	0.636319949487352
8680.445	0.636121867101461
8680.695	0.635861383560154
8680.945	0.635880021345872
8681.195	0.635622348618198
8681.445	0.635324693283412
8681.695	0.634877222883056
8681.945	0.634773569291877
8682.195	0.634477424035287
8682.445	0.634288726173129
8682.695	0.634170102889641
8682.945	0.63384106449769
8683.195	0.633859459830923
8683.445	0.633519830827483
8683.695	0.63300180682618
8683.945	0.632375625779427
8684.195	0.632078605805352
8684.445	0.631895312761853
8684.695	0.631628812127189
8684.945	0.631741690383261
8685.195	0.631416319366525
8685.445	0.631369106306778
8685.695	0.631195864488888
8685.945	0.630656966731137
8686.195	0.630014775639504
8686.445	0.629660932245744
8686.695	0.629302180161588
8686.945	0.629033723165694
8687.195	0.628877854157178
8687.445	0.628528777131277
8687.695	0.628156521601982
8687.945	0.628009062644202
8688.195	0.627487129038362
8688.445	0.627123659730158
8688.695	0.626623634649535
8688.945	0.626369185816384
8689.195	0.625958707759902
8689.445	0.625630902076295
8689.695	0.62548858563248
8689.945	0.625165561194657
8690.195	0.625200580466502
8690.445	0.624566019802967
8690.695	0.624153575957484
8690.945	0.623616517509093
8691.195	0.623198519327018
8691.445	0.623177189606498
8691.695	0.622739104094866
8691.945	0.622654269409647
8692.195	0.622389983644517
8692.445	0.62229078765224
8692.695	0.621635927930652
8692.945	0.620971374375603
8693.195	0.62038617913482
8693.445	0.620218736951971
8693.695	0.619952694123112
8693.945	0.619821163405707
8694.195	0.619586039588829
8694.445	0.619197283666817
8694.695	0.618947141681281
8694.945	0.61869861526031
8695.195	0.618226231265503
8695.445	0.617976989128078
8695.695	0.617664004384038
8695.945	0.61750911312073
8696.195	0.617119355646208
8696.445	0.617196257751182
8696.695	0.617079871093445
8696.945	0.617047539900398
8697.195	0.616794509939905
8697.445	0.616410262292293
8697.695	0.616065892049279
8697.945	0.615899007417607
8698.195	0.615769483341941
8698.445	0.615593229596188
8698.695	0.615493104098736
8698.945	0.61545561803999
8699.195	0.615335087452674
8699.445	0.615382147217996
8699.695	0.615190174534707
8699.945	0.615291441500724
8700.195	0.615140096613845
8700.445	0.614862870453655
8700.695	0.615109127173059
8700.945	0.614661183968882
8701.195	0.614965692297562
8701.445	0.614684323587014
8701.695	0.614672759729022
8701.945	0.614235098795504
8702.195	0.614085311889702
8702.445	0.614217428063004
8702.695	0.614031073623116
8702.945	0.614112744274221
8703.195	0.613948013049309
8703.445	0.613988110070658
8703.695	0.614068585243748
8703.945	0.614043291384564
8704.195	0.614241075620549
8704.445	0.614167029422225
8704.695	0.614222454355784
8704.945	0.614051575964191
8705.195	0.614032302437674
8705.445	0.614078121387636
8705.695	0.613952207935836
8705.945	0.61401773144604
8706.195	0.613833105847911
8706.445	0.614030735654834
8706.695	0.61401741562595
8706.945	0.613911500473481
8707.195	0.613882742440731
8707.445	0.613962704828731
8707.695	0.613908185682095
8707.945	0.613903482033974
8708.195	0.613717659918192
8708.445	0.613769518066488
8708.695	0.613335208667875
8708.945	0.613006677695576
8709.195	0.612801593609839
8709.445	0.612652886071796
8709.695	0.612655720317574
8709.945	0.612467999227519
8710.195	0.612374893262615
8710.445	0.612293008463051
8710.695	0.61226885241029
8710.945	0.612111749333253
8711.195	0.612111964551205
8711.445	0.61202461631111
8711.695	0.611771620782954
8711.945	0.611543689963038
8712.195	0.611494643860812
8712.445	0.611575526637356
8712.695	0.611476294236445
8712.945	0.61149206642007
8713.195	0.611390742772532
8713.445	0.61082295273657
8713.695	0.61050884216275
8713.945	0.610298333353634
8714.195	0.610160141394701
8714.445	0.610073270551215
8714.695	0.609722395108968
8714.945	0.609721224568308
8715.195	0.609201992028488
8715.445	0.608961829982952
8715.695	0.608414634510307
8715.945	0.608189243740632
8716.195	0.607995640455318
8716.445	0.607730844596387
8716.695	0.607457619634015
8716.945	0.607198229669153
8717.195	0.607004269214096
8717.445	0.606885915728215
8717.695	0.606701815686706
8717.945	0.606142156530519
8718.195	0.605704179455175
8718.445	0.605279488705198
8718.695	0.605142103316145
8718.945	0.604929637020661
8719.195	0.604835154951902
8719.445	0.604508857685951
8719.695	0.604461782302301
8719.945	0.604368140688774
8720.195	0.60343756551097
8720.445	0.603093639251179
8720.695	0.602709983221863
8720.945	0.602468551554538
8721.195	0.602096006459363
8721.445	0.601800039016545
8721.695	0.601674374102745
8721.945	0.601509362900047
8722.195	0.601285608464779
8722.445	0.600858581178696
8722.695	0.601021237431801
8722.945	0.600497755169441
8723.195	0.600538012586698
8723.445	0.600347944273478
8723.695	0.600299222801356
8723.945	0.600494214412933
8724.195	0.600198711155867
8724.445	0.600472092369633
8724.695	0.600146306109997
8724.945	0.59995291199466
8725.195	0.600043582785725
8725.445	0.599714638409822
8725.695	0.59962984117788
8725.945	0.599290741172171
8726.195	0.599367892236323
8726.445	0.599469612040485
8726.695	0.599252666488217
8726.945	0.599418730642294
8727.195	0.59929818100001
8727.445	0.599199681617112
8727.695	0.599145500730656
8727.945	0.59906157982727
8728.195	0.599238497894019
8728.445	0.598994187944384
8728.695	0.598964862981979
8728.945	0.598827795395188
8729.195	0.598909703332544
8729.445	0.598867682523635
8729.695	0.598845495706178
8729.945	0.598862774296961
8730.195	0.598762060802262
8730.445	0.598885476675127
8730.695	0.598949924489165
8730.945	0.598856305193712
8731.195	0.598906074367113
8731.445	0.598825504103757
8731.695	0.598766536451395
8731.945	0.598611016976673
8732.195	0.598512248651101
8732.445	0.598265806843277
8732.695	0.598243242986092
8732.945	0.598298955709245
8733.195	0.598153992550921
8733.445	0.598258801016067
8733.695	0.598120292539846
8733.945	0.597911057315746
8734.195	0.597869202118266
8734.445	0.598077041477989
8734.695	0.598282819648674
8734.945	0.598498382414032
8735.195	0.598353604168594
8735.445	0.59848721664136
8735.695	0.598428582541618
8735.945	0.59844783290524
8736.195	0.598504854426968
8736.445	0.5984870295994
8736.695	0.598548961006981
8736.945	0.598205681608917
8737.195	0.598274176210429
8737.445	0.598020724871493
8737.695	0.598161658271479
8737.945	0.598272870768607
8738.195	0.597959835700114
8738.445	0.598447825738941
8738.695	0.598505381248832
8738.945	0.598561296034458
8739.195	0.598594832469132
8739.445	0.598622453531945
8739.695	0.598774416428693
8739.945	0.598615999840057
8740.195	0.598859042544656
8740.445	0.598848105290558
8740.695	0.598663805373953
8740.945	0.598316413817129
8741.195	0.598035716026199
8741.445	0.59829462988522
8741.695	0.597919196148141
8741.945	0.597951979073243
8742.195	0.597959734349397
8742.445	0.597610103139957
8742.695	0.597791320261322
8742.945	0.597656470183751
8743.195	0.597832638128674
8743.445	0.59789570576432
8743.695	0.597919005028558
8743.945	0.598151889978136
8744.195	0.59791898276021
8744.445	0.597965942166731
8744.695	0.597933181056535
8744.945	0.597969089690087
8745.195	0.598122948159168
8745.445	0.598310505628483
8745.695	0.598614916376958
8745.945	0.598722894278542
8746.195	0.59872702053352
8746.445	0.598867398998375
8746.695	0.598642064255694
8746.945	0.598986151353911
8747.195	0.598829951913948
8747.445	0.599050800085842
8747.695	0.598976326060409
8747.945	0.599035923196257
8748.195	0.599057279901501
8748.445	0.599013298699063
8748.695	0.599285710931273
8748.945	0.599275283509888
8749.195	0.599449747061719
8749.445	0.599510995351447
8749.695	0.599368923475171
8749.945	0.599595881763212
8750.195	0.599575333785725
8750.445	0.599673642937702
8750.695	0.59988938987179
8750.945	0.599513425898058
8751.195	0.59991293360207
8751.445	0.599665200518061
8751.695	0.599913674720863
8751.945	0.599840601232309
8752.195	0.599769320147653
8752.445	0.600186223317578
8752.695	0.599699080705586
8752.945	0.600002852996498
8753.195	0.599672183479045
8753.445	0.599660656104688
8753.695	0.599855842595323
8753.945	0.599339778966438
8754.195	0.599811056073775
8754.445	0.599651067336409
8754.695	0.599909849517215
8754.945	0.600168861881488
8755.195	0.600084654970495
8755.445	0.600524201764542
8755.695	0.600486035489623
8755.945	0.600654312797242
8756.195	0.600917252221048
8756.445	0.60057809058855
8756.695	0.600979389364944
8756.945	0.60051847723119
8757.195	0.600847088926791
8757.445	0.600831868334845
8757.695	0.600638557096314
8757.945	0.600959330244651
8758.195	0.600401668875374
8758.445	0.60089044898973
8758.695	0.600650177522846
8758.945	0.600668828564709
8759.195	0.601128821720624
8759.445	0.600575104895594
8759.695	0.600957854170926
8759.945	0.600690383121532
8760.195	0.601029162269251
8760.445	0.601317067726492
8760.695	0.600865828609714
8760.945	0.601119154534096
8761.195	0.600820054780372
8761.445	0.601082062910756
8761.695	0.601462924612166
8761.945	0.601035976338282
8762.195	0.601606539337425
8762.445	0.601334500408809
8762.695	0.601657278062179
8762.945	0.601755131768849
8763.195	0.601648392946957
8763.445	0.60203155323585
8763.695	0.601692674179467
8763.945	0.602324782926456
8764.195	0.602580255855821
8764.445	0.602644968656119
8764.695	0.602806137680119
8764.945	0.60217919537289
8765.195	0.602887072773363
8765.445	0.602505457013362
8765.695	0.602746763641076
8765.945	0.603101754983065
8766.195	0.602555626999714
8766.445	0.602588380930239
8766.695	0.602108307010427
8766.945	0.60240632506135
8767.195	0.602576253060395
8767.445	0.602222165601829
8767.695	0.602547586216323
8767.945	0.602028720147807
8768.195	0.602290086113991
8768.445	0.602282327458031
8768.695	0.602397395954009
8768.945	0.602911704689544
8769.195	0.602508824314906
8769.445	0.602650264054894
8769.695	0.602685835011671
8769.945	0.602439911142621
8770.195	0.602598919556406
8770.445	0.602378141769784
8770.695	0.602776926977631
8770.945	0.602591799629088
8771.195	0.602071614251441
8771.445	0.602219721214775
8771.695	0.602382157312245
8771.945	0.602297991823223
8772.195	0.602321283557926
8772.445	0.602337540230557
8772.695	0.602377191842707
8772.945	0.60234917346564
8773.195	0.602395345207294
8773.445	0.602795689784521
8773.695	0.602597702879282
8773.945	0.602752310125172
8774.195	0.602760203587254
8774.445	0.602889934419829
8774.695	0.602968655657342
8774.945	0.60276671561305
8775.195	0.602793196728122
8775.445	0.60248482486248
8775.695	0.602417991460417
8775.945	0.602325134889477
8776.195	0.602411348544498
8776.445	0.602347486253359
8776.695	0.602290175045791
8776.945	0.602450537311594
8777.195	0.602475919856723
8777.445	0.602621619889815
8777.695	0.602801265713881
8777.945	0.60256374764648
8778.195	0.602971946426837
8778.445	0.60285665484007
8778.695	0.602711595484823
8778.945	0.603060886186915
8779.195	0.602798822839568
8779.445	0.602904164874156
8779.695	0.602698278458472
8779.945	0.602472420478783
8780.195	0.60265962373493
8780.445	0.602582282830427
8780.695	0.602802279893185
8780.945	0.602743541480971
8781.195	0.602735243163904
8781.445	0.602612073255557
8781.695	0.602772293589628
8781.945	0.602915284180246
8782.195	0.602873848656314
8782.445	0.602820844925346
8782.695	0.602699662873435
8782.945	0.602293244614964
8783.195	0.602644738561345
8783.445	0.602393659048618
8783.695	0.602271248304396
8783.945	0.602094776067962
8784.195	0.601540116127253
8784.445	0.601779633169606
8784.695	0.601628421475942
8784.945	0.601831051030095
8785.195	0.6020417576816
8785.445	0.601764537655131
8785.695	0.601825339666584
8785.945	0.60177419594806
8786.195	0.601878295295062
8786.445	0.602087828411116
8786.695	0.601895440638885
8786.945	0.601610396995711
8787.195	0.601112160277305
8787.445	0.600848485667495
8787.695	0.60078799681795
8787.945	0.600580256525641
8788.195	0.600497705258893
8788.445	0.600257759953251
8788.695	0.600152557503362
8788.945	0.600081762893319
8789.195	0.599820529736201
8789.445	0.599934798307816
8789.695	0.599775791824977
8789.945	0.599544737957466
8790.195	0.599562086966896
8790.445	0.599343077191602
8790.695	0.599568090544903
8790.945	0.599407531589902
8791.195	0.599170932545921
8791.445	0.599290475178384
8791.695	0.598630480426302
8791.945	0.59831603136039
8792.195	0.598196567640305
8792.445	0.598229686562443
8792.695	0.59832569387597
8792.945	0.598050913506991
8793.195	0.598177362165935
8793.445	0.597951314178181
8793.695	0.597843166136719
8793.945	0.597972057133494
8794.195	0.597714658836716
8794.445	0.597527591443975
8794.695	0.597458083584912
8794.945	0.597184861297697
8795.195	0.597553565688731
8795.445	0.597086363657298
8795.695	0.597118237424863
8795.945	0.597189092053107
8796.195	0.596511300710328
8796.445	0.596039708161658
8796.695	0.595860307136743
8796.945	0.595478113491244
8797.195	0.595101471635202
8797.445	0.594785220717436
8797.695	0.594656733149606
8797.945	0.594553489714033
8798.195	0.594393098789416
8798.445	0.594153678008589
8798.695	0.593446501941431
8798.945	0.593175013120989
8799.195	0.593235956612324
8799.445	0.592960847050479
8799.695	0.593001620053085
8799.945	0.592704896388696
8800.195	0.592430450293972
8800.445	0.592526043116727
8800.695	0.592402457828674
8800.945	0.592375898975959
8801.195	0.591722589492536
8801.445	0.591707275998598
8801.695	0.591704019855365
8801.945	0.591563061122161
8802.195	0.591616060484142
8802.445	0.591621183435386
8802.695	0.591486173296136
8802.945	0.591322976688597
8803.195	0.591144212363848
8803.445	0.591586630840849
8803.695	0.591142935666441
8803.945	0.591204569299061
8804.195	0.59081415339759
8804.445	0.590767288602504
8804.695	0.590476881153732
8804.945	0.590563517207573
8805.195	0.590599150971346
8805.445	0.590330689174322
8805.695	0.58956134109969
8805.945	0.589485297547969
8806.195	0.589260308812459
8806.445	0.589418900960681
8806.695	0.589565883877169
8806.945	0.589235302922762
8807.195	0.589142212725413
8807.445	0.588978508709081
8807.695	0.58897272471325
8807.945	0.58918222811122
8808.195	0.588506657022765
8808.445	0.58843847537382
8808.695	0.588020890912737
8808.945	0.587765390781269
8809.195	0.587918697205228
8809.445	0.587591229180604
8809.695	0.587840143697703
8809.945	0.587540105178526
8810.195	0.587592070441134
8810.445	0.587470043406491
8810.695	0.587321941801493
8810.945	0.587535088323076
8811.195	0.587552840231852
8811.445	0.587348064061422
8811.695	0.587527264667889
8811.945	0.587307291370002
8812.195	0.587472126020827
8812.445	0.587467925522398
8812.695	0.586989905782016
8812.945	0.587078108389972
8813.195	0.58707628369558
8813.445	0.587172618002466
8813.695	0.587294827016273
8813.945	0.587269446950679
8814.195	0.587241120909708
8814.445	0.586953806933418
8814.695	0.586775320036196
8814.945	0.5867706454843
8815.195	0.586348704569119
8815.445	0.586253165980981
8815.695	0.586045104427352
8815.945	0.585758588626024
8816.195	0.585714254763993
8816.445	0.585635310275662
8816.695	0.585875169327423
8816.945	0.58603876746279
8817.195	0.585949433675852
8817.445	0.585967775868987
8817.695	0.585967706465555
8817.945	0.585755923267838
8818.195	0.585723997234147
8818.445	0.585783098680916
8818.695	0.585697437695606
8818.945	0.585459108433125
8819.195	0.585404989490697
8819.445	0.585360977801071
8819.695	0.584937881121787
8819.945	0.585136680452944
8820.195	0.585035697713125
8820.445	0.584690375136958
8820.695	0.585064799067927
8820.945	0.584630461522983
8821.195	0.584892062878892
8821.445	0.585027782199451
8821.695	0.584418294357071
8821.945	0.584500227200065
8822.195	0.584323068659256
8822.445	0.584002202953387
8822.695	0.584208834288771
8822.945	0.584162541410518
8823.195	0.584184210271809
8823.445	0.584074560893884
8823.695	0.583921597556966
8823.945	0.584203630653994
8824.195	0.584040727452113
8824.445	0.584047545204682
8824.695	0.583962319347354
8824.945	0.583805466851785
8825.195	0.583955189196282
