# I1 = col 6  I2= col 7, mu = ln(I1/I2)
#F Ag_foil
#E 1568799717
#D Fri Sep 20 18:06:12 2019
#C catexp  User = anka-bl-catact-0001
#O0   Energy  DCM_2Pitch  T1_height   T1_roll  T1_Pitch    T1_Yaw  T1_trans  Table1_J1
#O1 Table1_J2  Table1_J3  Table1_Y1  Table1_Y3  Table1_X     Hex_X     Hex_Y     Hex_Z
#O2 Hex_pitch  Hex_roll   Hex_yaw        m6        m7  M1_height   M1_roll  M1_pitch
#O3 M1_trans    M1_yaw  M1_Bend1  DCM_height  DCM_pitch  DCM_roll  DCM_Lat1  M2_height
#O4  M2_roll  M2_pitch  M2_trans    M2_yaw  M2_Bend1  M2_Bend2      Mono    SL2_Y1
#O5   SL2_Y2    SL2_Z1    SL2_Z2  Slit2_HGap  Slit2_HOff  Slit2_VGap  Slit2_VOff  Pellet_Y
#O6 Reference_Y  

#S 1  akscan E 25.514 1
#D Fri Sep 20 18:06:54 2019
#T 1  (Seconds)
#H4 2 -150 5 1 -50 2 1
#H5 -30 30 0.3 1
#H6 1 16 0.05 1 0.5
#Q 
#P0 25.4 0.57475 99.711867 3.4618552 -6.6242674 37.042261 72.9925 106.39598
#P1 103.6265 94.412497 43.365313 102.61938 86.45625 0 -11.9 -3.1
#P2 0 0 0 40 41 0.353725 0.01033125 -2.4280937
#P3 -27.49905 -0.0037375 15000 3.4074238 -4.6128086 0.0098320312 -20.901 -17.9994
#P4 0.00533125 -2.551375 -81.0019 -0.499425 38.402031 42.361875 8.572084 -1.4923438
#P5 -2.5128516 6.89625 6.0947266 1.020625 -2.0025 0.8015625 6.495625 0
#P6 20.5 
#H1 7 7 8
#H3 1070,1125 
#U M1:Pt, DCM:Si(311), M2:Rh
#N 31
#L Energy    Epoch  Seconds  Detector  Ioni1  Ioni2  Ioni3  Reference  Diode  E-current  temp  Voltage  Current  Resistance  Energy  Time_  OCR_1  ICR_1  DT_1  FluoW1_R1  FluoW1_R2  FluoW1_R3  Fluo_1  Fluo_2  Fluo_3  Fluo_I0_1  Fluo_I0_2  Fluo_I0_3  Live_1  Monitor  Absorption
25.363984  195899.441 1.0000001 0 137684 103259 421119 -1.4056751 1189 98.9476 47.599998 42 42 1 0 0 511.79441 530.25258 0.034810146 39 0 0 37.39641 0 0 0.00027161043 0 0 1.042881 0 0.28772081
25.368906  195901.676 1.0000001 0 137558 103173 420743 -1.405615 1204 98.946 47.599998 42 42 1 0 0 530.76423 548.68111 0.032654448 41 0 0 40.028421 0 0 0.00029099305 0 0 1.0242723 0 0.28763846
25.373984  195903.859 1.0000001 0 137874 103428 421904 -1.4059021 1201 98.9435 47.5 42 42 1 0 0 511.09471 520.42391 0.017926159 44 0 0 42.01676 0 0 0.00030474752 0 0 1.0472013 0 0.28746451
25.378984  195906.041 1.0000001 0 137690 103307 421358 -1.4057777 1196 98.9426 47.400002 42 42 1 0 0 501.62281 523.20551 0.041250906 42 0 0 41.228329 0 0 0.00029942863 0 0 1.0187171 0 0.28729964
25.383945  195908.245 1.0000001 0 137619 103267 421209 -1.4058113 1205 98.9403 47.5 42 42 1 0 0 517.71991 537.13876 0.036152379 40 0 0 38.435844 0 0 0.00027929169 0 0 1.0406954 0 0.28717113
25.388984  195910.436 1.0000001 0 137766 103390 421778 -1.4059709 1189 98.9389 47.5 42 42 1 0 0 520.28581 536.23698 0.029746482 34 0 0 32.910064 0 0 0.00023888379 0 0 1.0331187 0 0.28704835
25.393984  195912.617 1.0000001 0 137707 103355 421601 -1.4058897 1197 98.9369 47.299999 42 42 1 0 0 515.89512 537.39309 0.040004173 40 0 0 39.084 0 0 0.00028382 0 0 1.0234368 0 0.28695858
25.398984  195914.795 1.0000001 0 137746 103405 421773 -1.4058139 1204 98.9357 47.299999 42 42 1 0 0 525.31216 548.88587 0.042948293 34 0 0 33.505156 0 0 0.00024323869 0 0 1.0147693 0 0.28675809
25.403984  195916.976 1.0000001 0 137709 103387 421617 -1.4056181 1222 98.9346 47.200001 42 42 1 0 0 504.56749 514.87676 0.020022791 32 0 0 30.854668 0 0 0.00022405702 0 0 1.0371203 0 0.28666353
25.408984  195919.165 1.0000001 0 137654 103368 421463 -1.4054366 1216 98.9321 47.099998 42 42 1 0 0 519.97296 541.4528 0.039670758 32 0 0 31.219515 0 0 0.00022679701 0 0 1.025 0 0.28644785
25.413984  195921.352 1.0000001 0 137740 103449 421739 -1.4053079 1214 98.9314 46.799999 42 42 1 0 0 516.89604 533.80885 0.031683266 41 0 0 39.866519 0 0 0.00028943313 0 0 1.028432 0 0.28628911
25.418984  195923.537 1.0000001 0 137602 103352 421269 -1.4051309 1188 98.9298 46.700001 42 42 1 0 0 522.4169 538.40228 0.029690408 38 0 0 36.864529 0 0 0.00026790693 0 0 1.0308013 0 0.28622482
25.423984  195925.730 1.0000001 0 137558 103341 421046 -1.4047079 1198 98.9265 46.5 42 42 1 0 0 518.24894 531.28124 0.024529954 38 0 0 36.376049 0 0 0.00026444154 0 0 1.0446435 0 0.28601145
25.429023  195927.920 1.0000001 0 137719 103479 421403 -1.4042209 1176 98.9255 46.299999 42 42 1 0 0 492.14956 507.03012 0.02934847 26 0 0 25.06269 0 0 0.00018198426 0 0 1.0373987 0 0.28584668
25.433984  195930.109 1.0000001 0 137624 103410 421035 -1.4040143 1178 98.9235 46.599998 42 42 1 0 0 510.82468 527.64649 0.03188085 34 0 0 32.977951 0 0 0.00023962354 0 0 1.030992 0 0.28582366
25.438984  195932.280 1.0000001 0 137584 103400 420674 -1.4032532 1182 98.9223 46.700001 42 42 1 0 0 497.77451 517.55046 0.038210662 45 0 0 44.278136 0 0 0.0003218262 0 0 1.016303 0 0.28562968
25.443984  195934.466 1.0000001 0 137663 103473 420573 -1.4023074 1182 98.9201 46.200001 42 42 1 0 0 503.86304 521.66756 0.034130018 43 0 0 41.928971 0 0 0.00030457691 0 0 1.025544 0 0.28549796
25.448984  195936.639 1.0000001 0 137579 103433 419960 -1.4012354 1193 98.9186 46.200001 42 42 1 0 0 542.25427 564.97278 0.04021169 37 0 0 36.482213 0 0 0.00026517283 0 0 1.014193 0 0.28527424
25.453984  195938.825 1.0000001 0 137616 103468 419603 -1.4000466 1183 98.9168 46.400002 42 42 1 0 0 510.01261 521.22945 0.021519958 32 0 0 30.830601 0 0 0.00022403355 0 0 1.0379299 0 0.28520481
25.458984  195941.010 1.0000001 0 137745 103584 419527 -1.398745 1180 98.9146 46 42 42 1 0 0 500.27112 521.85774 0.04136494 37 0 0 36.295488 0 0 0.00026349768 0 0 1.0194106 0 0.28502127
25.463984  195943.174 1.0000001 0 137739 103590 418769 -1.3968787 1180 98.9133 46.099998 42 42 1 0 0 481.26249 496.25047 0.030202438 32 0 0 31.19943 0 0 0.00022651123 0 0 1.0256598 0 0.28491979
25.466016  195945.351 1.0000001 0 137635 103516 418099 -1.3959921 1189 98.9126 46 42 42 1 0 0 496.51002 519.12093 0.043556156 39 0 0 38.564136 0 0 0.00028019135 0 0 1.0113024 0 0.28487906
25.468008  195947.534 1.0000001 0 137510 103438 417326 -1.3948953 1196 98.9102 46 42 42 1 0 0 462.34664 472.50094 0.021490533 32 0 0 30.920631 0 0 0.00022486096 0 0 1.0349078 0 0.28472424
25.47  195949.719 1.0000001 0 137719 103596 417518 -1.3938289 1213 98.9089 45.799999 42 42 1 0 0 543.00331 567.48574 0.043141942 39 0 0 38.291134 0 0 0.00027803814 0 0 1.0185126 0 0.28471666
25.471992  195951.914 1.0000001 0 137598 103509 416554 -1.3923575 1219 98.9075 45.799999 42 42 1 0 0 526.41388 545.11136 0.034300292 37 0 0 35.760958 0 0 0.00025989446 0 0 1.034648 0 0.28467783
25.473984  195954.105 1.0000001 0 137600 103512 415991 -1.3909761 1219 98.9044 45.599998 42 42 1 0 0 551.50347 569.29982 0.031260064 42 0 0 40.527576 0 0 0.0002945318 0 0 1.0363315 0 0.28466338
25.476016  195956.299 1.0000001 0 137696 103596 415605 -1.3892366 1219 98.9035 45.400002 42 42 1 0 0 512.3925 535.57148 0.043278981 37 0 0 35.964312 0 0 0.00026118632 0 0 1.0287978 0 0.28454964
25.478008  195958.494 1.0000001 0 137617 103548 414653 -1.3874068 1219 98.9016 45.299999 42 42 1 0 0 518.21766 539.6437 0.039704062 30 0 0 29.170506 0 0 0.00021196877 0 0 1.0284362 0 0.28443919
25.48  195960.699 1.0000001 0 137705 103619 414180 -1.38558 1214 98.9003 45.5 42 42 1 0 0 522.15399 539.71293 0.032533844 54 0 0 51.675564 0 0 0.0003752628 0 0 1.0449814 0 0.28439301
25.481992  195962.879 1.0000001 0 137562 103520 412759 -1.3830991 1215 98.8972 45.299999 42 42 1 0 0 523.48384 541.22023 0.032771119 29 0 0 28.078307 0 0 0.00020411383 0 0 1.0328259 0 0.28430989
25.483984  195965.069 1.0000001 0 137590 103535 411780 -1.3805795 1211 98.8954 45.099998 42 42 1 0 0 501.78719 514.87524 0.025419858 41 0 0 39.531921 0 0 0.00028731682 0 0 1.0371366 0 0.28436853
25.484297  195967.243 1.0000001 0 137512 103486 411416 -1.3801685 1203 98.8945 45 42 42 1 0 0 497.67293 510.85445 0.025802886 37 0 0 35.935396 0 0 0.00026132553 0 0 1.0296256 0 0.28427485
25.484609  195969.424 1.0000001 0 137588 103546 411389 -1.3795233 1208 98.8927 45.099998 42 42 1 0 0 523.2268 539.30116 0.029805898 30 0 0 29.25738 0 0 0.00021264485 0 0 1.0253824 0 0.28424775
25.484883  195971.590 1.0000001 0 137703 103622 411608 -1.3793218 1207 98.8911 45 42 42 1 0 0 546.24218 565.01392 0.03322349 39 0 0 37.797769 0 0 0.00027448762 0 0 1.031807 0 0.28434953
25.485195  195973.778 1.0000001 0 137701 103628 411368 -1.3786806 1209 98.889 45 42 42 1 0 0 519.23993 537.94652 0.034774067 38 0 0 36.966239 0 0 0.00026845294 0 0 1.0279651 0 0.2842771
25.485508  195975.973 1.0000001 0 137816 103704 411456 -1.3781614 1207 98.8868 44.900002 42 42 1 0 0 539.30306 551.41292 0.021961499 41 0 0 39.114724 0 0 0.00028381846 0 0 1.0481987 0 0.28437877
25.485781  195978.154 1.0000001 0 137338 103359 409832 -1.377539 1200 98.8862 44.799999 42 42 1 0 0 536.89968 554.9049 0.03244741 35 0 0 34.193603 0 0 0.00024897409 0 0 1.0235834 0 0.28423668
25.486094  195980.334 1.0000001 0 137676 103608 410649 -1.3771243 1203 98.8837 44.700001 42 42 1 0 0 547.04545 569.81135 0.039953395 34 0 0 33.519373 0 0 0.00024346562 0 0 1.0143389 0 0.28428855
25.486406  195982.522 1.0000001 0 137555 103511 410100 -1.3767231 1208 98.8831 44.5 42 42 1 0 0 520.6318 541.26776 0.038125223 38 0 0 37.06017 0 0 0.00026942074 0 0 1.0253597 0 0.28434595
25.486719  195984.698 1.0000001 0 137598 103557 409953 -1.3759203 1211 98.8812 44.599998 42 42 1 0 0 529.68582 544.77061 0.027690167 29 0 0 28.161642 0 0 0.00020466607 0 0 1.0297696 0 0.2842142
25.487031  195986.899 1.0000001 0 137601 103553 409704 -1.3753514 1208 98.8794 44.599998 42 42 1 0 0 527.83442 542.67677 0.027350264 43 0 0 41.084105 0 0 0.00029857417 0 0 1.0466336 0 0.28427463
25.487305  195989.099 1.0000001 0 137527 103498 409292 -1.3748765 1228 98.8783 44.400002 42 42 1 0 0 535.50279 566.23336 0.054271909 46 0 0 45.220575 0 0 0.00032881234 0 0 1.0172362 0 0.28426797
25.487617  195991.290 1.0000001 0 137549 103520 409158 -1.3743366 1230 98.8753 44.299999 42 42 1 0 0 519.74381 542.26975 0.041540097 43 0 0 42.090644 0 0 0.00030600473 0 0 1.0216048 0 0.28421539
25.487891  195993.473 1.0000001 0 137450 103442 408653 -1.3738553 1234 98.8749 44.200001 42 42 1 0 0 519.83776 540.46636 0.038168151 29 0 0 28.291794 0 0 0.00020583335 0 0 1.0250323 0 0.28424915
25.488203  195995.649 1.0000001 0 137441 103451 408328 -1.3729727 1222 98.8726 44.099998 42 42 1 0 0 519.0301 537.84053 0.034974 25 0 0 24.447933 0 0 0.00017787948 0 0 1.0225814 0 0.28409666
25.488516  195997.831 1.0000001 0 137696 103637 408882 -1.3725322 1230 98.871 43.900002 42 42 1 0 0 531.87316 546.93921 0.027546118 36 0 0 34.911123 0 0 0.00025353767 0 0 1.0311901 0 0.28415395
25.488789  195999.994 1.0000001 0 137680 103616 408644 -1.3721526 1240 98.8704 43.900002 42 42 1 0 0 524.64909 533.13085 0.015909343 33 0 0 31.700057 0 0 0.00023024446 0 0 1.0410077 0 0.28424039
25.489102  196002.193 1.0000001 0 137603 103565 408016 -1.371107 1226 98.8681 44 42 42 1 0 0 524.71676 546.10026 0.039156712 49 0 0 47.446096 0 0 0.00034480423 0 0 1.032751 0 0.28417329
25.489414  196004.384 1.0000001 0 137580 103552 407722 -1.3705117 1223 98.8676 43.799999 42 42 1 0 0 530.87422 542.07703 0.020666455 31 0 0 29.63773 0 0 0.00021542179 0 0 1.0459642 0 0.28413166
25.489687  196006.574 1.0000001 0 137423 103421 406924 -1.3698184 1232 98.8644 43.799999 42 42 1 0 0 520.92297 534.05769 0.02459419 37 0 0 35.603886 0 0 0.00025908244 0 0 1.0392125 0 0.28425572
25.49  196008.768 1.0000001 0 137489 103480 406854 -1.369076 1236 98.8611 43.700001 42 42 1 0 0 519.50188 532.50923 0.024426532 44 0 0 42.14149 0 0 0.00030650809 0 0 1.0441018 0 0.28416556
25.490313  196010.959 1.0000001 0 137587 103555 406876 -1.3684056 1233 98.8607 43.400002 42 42 1 0 0 509.49336 524.41496 0.028453802 31 0 0 29.884623 0 0 0.00021720528 0 0 1.0373229 0 0.28415357
25.490586  196013.122 1.0000001 0 137529 103521 406437 -1.3676544 1227 98.8583 43.599998 42 42 1 0 0 494.8948 507.08803 0.024045588 28 0 0 27.09664 0 0 0.00019702492 0 0 1.0333386 0 0.28406031
25.490898  196015.308 1.0000001 0 137570 103542 406204 -1.3668782 1226 98.8569 43.5 42 42 1 0 0 510.40964 525.41856 0.028565639 39 0 0 37.807548 0 0 0.00027482407 0 0 1.0315402 0 0.28415555
25.491211  196017.488 1.0000001 0 137536 103511 405785 -1.3661456 1206 98.855 43.5 42 42 1 0 0 490.26145 508.05346 0.035019962 44 0 0 42.990061 0 0 0.00031257315 0 0 1.0234925 0 0.28420781
25.491484  196019.659 1.0000001 0 137626 103603 405780 -1.3652449 1212 98.8546 43.299999 42 42 1 0 0 512.42724 533.03629 0.038663501 36 0 0 35.145677 0 0 0.00025537091 0 0 1.0243082 0 0.28397357
25.491797  196021.853 1.0000001 0 137494 103493 405027 -1.3644498 1217 98.852 43.299999 42 42 1 0 0 518.52685 534.32776 0.029571556 39 0 0 37.480318 0 0 0.00027259603 0 0 1.0405462 0 0.2840763
25.492109  196024.052 1.0000001 0 137574 103553 404949 -1.3636776 1223 98.8509 43.400002 42 42 1 0 0 473.94901 491.49429 0.035697848 26 0 0 25.106431 0 0 0.00018249401 0 0 1.0355914 0 0.2840784
25.492383  196026.246 1.0000001 0 137526 103515 404399 -1.3626855 1209 98.8484 43.099998 42 42 1 0 0 509.71493 535.6985 0.048504106 39 0 0 38.055093 0 0 0.00027671199 0 0 1.0248301 0 0.28409646
25.492695  196028.425 1.0000001 0 137536 103530 404033 -1.3616351 1211 98.8482 43.099998 42 42 1 0 0 520.22278 541.93008 0.04005553 29 0 0 28.575134 0 0 0.00020776476 0 0 1.0148685 0 0.28402428
25.493008  196030.606 1.0000001 0 137691 103644 404059 -1.360599 1217 98.8451 43.200001 42 42 1 0 0 516.46998 541.97872 0.047065932 29 0 0 28.786924 0 0 0.00020906903 0 0 1.0074019 0 0.28405009
25.493281  196032.786 1.0000001 0 137547 103525 403234 -1.3597039 1212 98.8446 43.099998 42 42 1 0 0 547.31311 565.32652 0.031863725 28 0 0 27.338789 0 0 0.00019875962 0 0 1.0241859 0 0.28415255
25.493594  196034.969 1.0000001 0 137491 103493 402670 -1.3586134 1217 98.8427 43 42 42 1 0 0 519.20418 545.45091 0.048119328 39 0 0 38.398445 0 0 0.0002792797 0 0 1.0156662 0 0.28405448
25.493906  196037.162 1.0000001 0 137552 103540 402354 -1.3573743 1213 98.8406 42.700001 42 42 1 0 0 552.66115 578.97062 0.045441796 31 0 0 30.420562 0 0 0.00022115681 0 0 1.0190477 0 0.28404402
25.494219  196039.352 1.0000001 0 137521 103510 401863 -1.356443 1210 98.8387 42.700001 42 42 1 0 0 490.40024 504.24266 0.027451906 38 0 0 36.428708 0 0 0.0002648956 0 0 1.0431334 0 0.28410841
25.494492  196041.552 1.0000001 0 137742 103688 402092 -1.3552945 1227 98.8371 42.700001 42 42 1 0 0 539.29931 551.37383 0.021898985 33 0 0 31.318163 0 0 0.00022736829 0 0 1.0537018 0 0.28399598
25.494805  196043.751 1.0000001 0 137550 103548 401063 -1.3540832 1234 98.8356 42.599998 42 42 1 0 0 531.70593 540.06562 0.015479022 37 0 0 34.874226 0 0 0.00025353854 0 0 1.0609555 0 0.28395221
25.495117  196045.952 1.0000001 0 137518 103521 400483 -1.3528968 1213 98.834 42.599998 42 42 1 0 0 545.7314 563.37882 0.031324243 40 0 0 38.325939 0 0 0.00027869762 0 0 1.0436797 0 0.28398033
25.495391  196048.152 1.0000001 0 137453 103471 399749 -1.3515455 1192 98.8324 42.599998 42 42 1 0 0 557.37615 584.47834 0.046369875 30 0 0 29.223928 0 0 0.00021261033 0 0 1.0265562 0 0.28399066
25.495703  196050.352 1.0000001 0 137358 103402 398960 -1.3502369 1188 98.8306 42.5 42 42 1 0 0 509.47414 523.33844 0.026492034 41 0 0 39.155773 0 0 0.00028506365 0 0 1.0470998 0 0.28396635
25.496016  196052.552 1.0000001 0 137484 103499 398803 -1.3489056 1185 98.8291 42.5 42 42 1 0 0 513.36688 534.72022 0.039933667 37 0 0 35.841858 0 0 0.00026069839 0 0 1.0323126 0 0.2839456
25.496289  196054.751 1.0000001 0 137488 103501 398318 -1.3476694 1180 98.827 42.299999 42 42 1 0 0 534.7898 558.97349 0.043264476 32 0 0 31.10876 0 0 0.00022626527 0 0 1.0286493 0 0.28395537
25.496602  196056.952 1.0000001 0 137372 103408 397229 -1.3458306 1197 98.8245 42.200001 42 42 1 0 0 506.93035 525.46017 0.03526399 26 0 0 25.021976 0 0 0.00018214757 0 0 1.0390867 0 0.28401025
25.496914  196059.152 1.0000001 0 137421 103446 396846 -1.3444986 1212 98.8232 42.099998 42 42 1 0 0 543.23738 561.90639 0.033224418 45 0 0 43.298292 0 0 0.00031507769 0 0 1.0393021 0 0.28399947
25.497187  196061.346 1.0000001 0 137553 103553 396608 -1.3428648 1197 98.8223 42.099998 42 42 1 0 0 502.37052 515.30254 0.025095987 33 0 0 31.549426 0 0 0.00022936196 0 0 1.0459779 0 0.28392574
25.4975  196063.542 1.0000001 0 137597 103587 396089 -1.3412271 1190 98.8206 42 42 42 1 0 0 490.35108 506.09718 0.031112787 35 0 0 33.612263 0 0 0.0002442805 0 0 1.0412867 0 0.28391728
25.497812  196065.731 1.0000001 0 137539 103543 395225 -1.3394682 1200 98.8191 42.099998 42 42 1 0 0 519.86947 539.49841 0.036383698 28 0 0 27.218158 0 0 0.00019789411 0 0 1.0287251 0 0.28392053
25.498086  196067.910 1.0000001 0 137521 103524 394441 -1.3376661 1193 98.8162 41.599998 42 42 1 0 0 528.46024 550.26276 0.039622019 34 0 0 33.468809 0 0 0.00024337235 0 0 1.0158714 0 0.28397316
25.498398  196070.092 1.0000001 0 137521 103521 393738 -1.3359112 1211 98.8149 41.700001 42 42 1 0 0 529.97293 542.19729 0.022545979 27 0 0 26.095681 0 0 0.00018975779 0 0 1.0346541 0 0.28400214
25.498711  196072.276 1.0000001 0 137524 103537 392986 -1.333845 1203 98.8137 41.599998 42 42 1 0 0 520.99758 539.82716 0.034880769 28 0 0 27.333503 0 0 0.00019875442 0 0 1.024384 0 0.28386941
25.498984  196074.467 1.0000001 0 137421 103462 391819 -1.3315956 1208 98.8118 41.700001 42 42 1 0 0 502.1847 523.62491 0.040945735 27 0 0 26.327838 0 0 0.00019158526 0 0 1.0255306 0 0.28384481
25.499297  196076.646 1.0000001 0 137586 103578 391392 -1.3293847 1209 98.81 41.599998 42 42 1 0 0 517.52375 537.17726 0.036586636 47 0 0 45.821319 0 0 0.00033303766 0 0 1.0257235 0 0.28392422
25.499609  196078.836 1.0000001 0 137540 103551 390418 -1.3271537 1179 98.8071 41.5 42 42 1 0 0 548.78757 564.78745 0.028329035 39 0 0 37.653258 0 0 0.00027376224 0 0 1.035767 0 0.28385054
25.499883  196081.027 1.0000001 0 137596 103595 389690 -1.3248625 1210 98.8067 41.400002 42 42 1 0 0 498.20705 511.23018 0.025474093 26 0 0 24.985234 0 0 0.00018158402 0 0 1.0406147 0 0.28383279
25.500195  196083.201 1.0000001 0 137691 103652 388895 -1.3222702 1208 98.8065 41.400002 42 42 1 0 0 527.89272 539.25275 0.021066248 33 0 0 31.891821 0 0 0.00023161878 0 0 1.0347482 0 0.28397291
25.500508  196085.380 1.0000001 0 137440 103466 387157 -1.3195872 1216 98.8034 41.400002 42 42 1 0 0 494.31457 503.69141 0.018616249 24 0 0 23.114421 0 0 0.00016817826 0 0 1.038313 0 0.2839444
25.500781  196087.557 1.0000001 0 137455 103484 386134 -1.3167674 1203 98.801 41.099998 42 42 1 0 0 509.50791 520.70433 0.021502467 26 0 0 24.978598 0 0 0.000181722 0 0 1.0408912 0 0.28387958
25.501094  196089.755 1.0000001 0 137465 103497 385091 -1.313937 1202 98.799 41 42 42 1 0 0 488.34363 506.79993 0.036417343 40 0 0 38.540699 0 0 0.00028036736 0 0 1.037864 0 0.28382671
25.501406  196091.943 1.0000001 0 137395 103446 383648 -1.3106757 1211 98.7966 41 42 42 1 0 0 513.71375 537.03353 0.043423325 31 0 0 30.214513 0 0 0.00021990984 0 0 1.0259971 0 0.28381025
25.501719  196094.115 1.0000001 0 137359 103418 382352 -1.3075626 1215 98.796 41 42 42 1 0 0 493.86905 513.43437 0.03810676 30 0 0 29.228602 0 0 0.00021278986 0 0 1.026392 0 0.28381891
25.501992  196096.295 1.0000001 0 137367 103432 381037 -1.3039821 1204 98.7949 41.099998 42 42 1 0 0 542.80353 556.94761 0.025395717 46 0 0 44.479104 0 0 0.00032379759 0 0 1.0341936 0 0.28374178
25.502305  196098.476 1.0000001 0 137587 103594 380240 -1.3003232 1199 98.7937 40.799999 42 42 1 0 0 535.18746 549.30038 0.02569254 35 0 0 33.788379 0 0 0.00024557828 0 0 1.0358592 0 0.28377703
25.502617  196100.661 1.0000001 0 137504 103534 378531 -1.2963979 1214 98.7903 40.900002 42 42 1 0 0 486.37471 513.63923 0.053081075 27 0 0 26.928928 0 0 0.00019584105 0 0 1.0026394 0 0.28375295
25.502891  196102.845 1.0000001 0 137400 103455 376620 -1.2921 1208 98.7891 40.799999 42 42 1 0 0 520.46746 534.54804 0.026341085 35 0 0 33.955015 0 0 0.00024712529 0 0 1.0307757 0 0.28375964
25.503203  196105.031 1.0000001 0 137494 103520 375274 -1.2878916 1209 98.787 40.799999 42 42 1 0 0 495.90792 513.64544 0.034532608 41 0 0 39.96199 0 0 0.00029064534 0 0 1.025975 0 0.28381545
25.503516  196107.217 1.0000001 0 137503 103532 373520 -1.2830908 1200 98.7863 40.700001 42 42 1 0 0 528.12328 540.27624 0.022493988 44 0 0 42.149655 0 0 0.00030653626 0 0 1.0438995 0 0.28376499
25.503789  196109.395 1.0000001 0 137382 103449 371385 -1.2781605 1182 98.7839 40.700001 42 42 1 0 0 484.38245 505.08136 0.040981347 35 0 0 34.528101 0 0 0.00025132915 0 0 1.0136672 0 0.28368663
25.504102  196111.584 1.0000001 0 137517 103550 369603 -1.2723749 1205 98.7836 40.900002 42 42 1 0 0 535.18653 552.99018 0.032195237 34 0 0 32.870367 0 0 0.00023902766 0 0 1.0343664 0 0.28369296
25.504414  196113.774 1.0000001 0 137548 103569 367535 -1.2665805 1231 98.7799 40.700001 42 42 1 0 0 516.50026 532.39949 0.029863334 21 0 0 20.2913 0 0 0.00014752159 0 0 1.0349264 0 0.28373489
25.504687  196115.955 1.0000001 0 137450 103511 365074 -1.2604222 1221 98.7797 40.5 42 42 1 0 0 509.7202 525.74805 0.030485796 38 0 0 37.066127 0 0 0.0002696699 0 0 1.0251949 0 0.28358233
25.505  196118.140 1.0000001 0 137509 103541 362894 -1.2541431 1217 98.7771 40.5 42 42 1 0 0 501.27057 521.94136 0.039603665 31 0 0 30.471534 0 0 0.00022159665 0 0 1.017343 0 0.2837217
25.505312  196120.335 1.0000001 0 137513 103543 360427 -1.2473025 1221 98.7751 40.400002 42 42 1 0 0 514.78885 540.00928 0.0467037 42 0 0 41.162838 0 0 0.00029933779 0 0 1.0203379 0 0.28373147
25.505586  196122.535 1.0000001 0 137440 103499 357539 -1.2396825 1212 98.7746 40.299999 42 42 1 0 0 544.58532 559.56252 0.026765909 46 0 0 44.000899 0 0 0.00032014624 0 0 1.0454333 0 0.28362551
25.505898  196124.726 1.0000001 0 137583 103603 355164 -1.2320134 1215 98.7737 40.400002 42 42 1 0 0 508.88041 529.43136 0.038817022 34 0 0 33.089548 0 0 0.00024050608 0 0 1.0275149 0 0.28366108
25.506211  196126.889 1.0000001 0 137453 103511 351729 -1.2231831 1224 98.7704 40.099998 42 42 1 0 0 505.56832 533.86054 0.052995526 38 0 0 37.919227 0 0 0.00027587049 0 0 1.0021302 0 0.28360415
25.506484  196129.049 1.0000001 0 137455 103519 348273 -1.2132315 1209 98.7679 40.200001 42 42 1 0 0 548.93369 570.75634 0.038234618 37 0 0 36.410904 0 0 0.00026489326 0 0 1.0161792 0 0.28354142
25.506797  196131.235 1.0000001 0 137377 103459 344760 -1.2036731 1191 98.7669 39.900002 42 42 1 0 0 532.81057 548.79297 0.029122815 39 0 0 37.882018 0 0 0.00027575226 0 0 1.0295123 0 0.28355357
25.507109  196133.410 1.0000001 0 137417 103496 341210 -1.1929652 1202 98.7655 40.200001 42 42 1 0 0 518.11254 536.75279 0.03472781 18 0 0 17.408395 0 0 0.00012668298 0 0 1.033984 0 0.28348713
25.507383  196135.593 1.0000001 0 137456 103511 337548 -1.1820298 1219 98.7634 39.900002 42 42 1 0 0 535.06077 553.71156 0.033683212 22 0 0 21.29697 0 0 0.00015493664 0 0 1.0330109 0 0.28362598
25.507695  196137.784 1.0000001 0 137334 103425 333261 -1.1700793 1222 98.761 39.599998 42 42 1 0 0 471.72685 496.92683 0.050711655 33 0 0 32.60207 0 0 0.00023739256 0 0 1.0122058 0 0.2835692
25.508008  196139.970 1.0000001 0 137570 103603 329767 -1.1578201 1209 98.7606 39.599998 42 42 1 0 0 514.29596 525.53495 0.021385816 32 0 0 30.857791 0 0 0.00022430611 0 0 1.0370154 0 0.28356659
25.508281  196142.149 1.0000001 0 137436 103504 325055 -1.1443841 1203 98.7579 39.799999 42 42 1 0 0 521.409 534.58289 0.024643308 36 0 0 34.928162 0 0 0.00025414129 0 0 1.030687 0 0.28354809
25.508594  196144.330 1.0000001 0 137325 103430 320218 -1.130107 1217 98.7572 39.700001 42 42 1 0 0 576.4063 595.47486 0.03202244 43 0 0 41.976358 0 0 0.00030567164 0 0 1.0243862 0 0.28345532
25.508906  196146.519 1.0000001 0 137384 103471 315678 -1.1154313 1221 98.7549 39.599998 42 42 1 0 0 542.72121 569.07352 0.046307395 39 0 0 38.398469 0 0 0.00027949739 0 0 1.0156656 0 0.28348854
25.509219  196148.709 1.0000001 0 137448 103535 310619 -1.0986574 1215 98.7535 39.599998 42 42 1 0 0 500.42324 522.77876 0.042762883 24 0 0 23.45202 0 0 0.00017062467 0 0 1.0233661 0 0.28333594
25.509492  196150.896 1.0000001 0 137409 103494 305634 -1.0828747 1215 98.7522 39.400002 42 42 1 0 0 496.24551 524.23634 0.05339355 41 0 0 40.477885 0 0 0.00029457957 0 0 1.0128989 0 0.28344824
25.509805  196153.059 1.0000001 0 137350 103456 300370 -1.0658686 1225 98.75 39.299999 42 42 1 0 0 507.95843 519.20529 0.021661679 42 0 0 40.608554 0 0 0.00029565747 0 0 1.034265 0 0.28338601
25.510117  196155.239 1.0000001 0 137393 103492 295262 -1.0483688 1220 98.749 39.400002 42 42 1 0 0 508.13916 527.94367 0.037512545 37 0 0 36.376493 0 0 0.00026476235 0 0 1.0171405 0 0.28335112
25.510391  196157.431 1.0000001 0 137397 103502 290090 -1.0306003 1222 98.747 39.5 42 42 1 0 0 513.23484 536.5929 0.043530321 35 0 0 34.209592 0 0 0.00024898355 0 0 1.023105 0 0.28328361
25.510703  196159.607 1.0000001 0 137514 103578 285038 -1.0122976 1212 98.7443 39.200001 42 42 1 0 0 503.02781 522.77676 0.037777019 34 0 0 33.285458 0 0 0.00024205141 0 0 1.0214672 0 0.28340078
25.511016  196161.806 1.0000001 0 137268 103403 279230 -0.99340184 1217 98.7434 39.299999 42 42 1 0 0 514.92241 530.67487 0.029683816 32 0 0 30.652894 0 0 0.00022330692 0 0 1.0439472 0 0.28330124
25.511289  196163.993 1.0000001 0 137322 103452 273915 -0.9737101 1239 98.7423 39.200001 42 42 1 0 0 504.13931 520.9421 0.032254613 30 0 0 29.103359 0 0 0.00021193515 0 0 1.030809 0 0.2832208
25.511602  196166.154 1.0000001 0 137412 103505 269010 -0.95512863 1249 98.7402 39.200001 42 42 1 0 0 534.89496 550.90148 0.02905514 48 0 0 46.719807 0 0 0.00033999802 0 0 1.0274016 0 0.28336379
25.511914  196168.338 1.0000001 0 137410 103501 263224 -0.93342411 1222 98.738 38.900002 42 42 1 0 0 540.78954 554.95151 0.025519292 33 0 0 31.961049 0 0 0.00023259624 0 0 1.0325069 0 0.28338788
25.512227  196170.503 1.0000001 0 137536 103613 258319 -0.91353245 1225 98.7373 39 42 42 1 0 0 524.20063 542.92023 0.034479473 34 0 0 33.022875 0 0 0.0002401035 0 0 1.0295894 0 0.2832229
25.5125  196172.700 1.0000001 0 137441 103536 253089 -0.89382183 1211 98.7366 39.200001 42 42 1 0 0 488.11486 501.11457 0.025941589 28 0 0 26.828536 0 0 0.00019520038 0 0 1.043665 0 0.28327536
25.512812  196174.894 1.0000001 0 137422 103541 248143 -0.87403752 1220 98.7333 39.099998 42 42 1 0 0 502.2996 517.11364 0.02864755 29 0 0 27.874318 0 0 0.00020283737 0 0 1.0403843 0 0.28308881
25.513086  196177.068 1.0000001 0 137399 103514 243123 -0.85386062 1214 98.7321 39.099998 42 42 1 0 0 511.22 536.45851 0.047046524 29 0 0 28.441271 0 0 0.00020699765 0 0 1.0196451 0 0.28318223
25.513398  196179.250 1.0000001 0 137378 103499 238470 -0.83468157 1225 98.7292 38.900002 42 42 1 0 0 513.47137 542.8209 0.054068524 39 0 0 38.98764 0 0 0.00028379828 0 0 1.0003171 0 0.2831743
25.513711  196181.408 1.0000001 0 137454 103552 234010 -0.81528995 1213 98.728 38.799999 42 42 1 0 0 535.36145 551.35452 0.029006865 26 0 0 25.238259 0 0 0.0001836124 0 0 1.0301821 0 0.28321541
25.513984  196183.595 1.0000001 0 137440 103540 229385 -0.7954438 1214 98.7264 38.700001 42 42 1 0 0 496.5314 517.08129 0.039742083 31 0 0 30.24451 0 0 0.0002200561 0 0 1.0249795 0 0.28322945
25.514297  196185.788 1.0000001 0 137274 103415 224963 -0.77718592 1193 98.7244 38.599998 42 42 1 0 0 476.97901 493.66623 0.033802644 31 0 0 30.008085 0 0 0.00021859991 0 0 1.033055 0 0.28322891
25.514609  196187.963 1.0000001 0 137343 103480 220308 -0.75564821 1200 98.723 38.5 42 42 1 0 0 556.83299 575.61969 0.03263735 36 0 0 34.769701 0 0 0.00025315962 0 0 1.0353843 0 0.28310309
25.514883  196190.162 1.0000001 0 137363 103495 216258 -0.73694884 1212 98.7226 38.299999 42 42 1 0 0 504.85644 525.27911 0.03887966 34 0 0 32.89137 0 0 0.00023944854 0 0 1.0337059 0 0.28310375
25.515195  196192.344 1.0000001 0 137435 103545 212165 -0.71735797 1210 98.7203 38.400002 42 42 1 0 0 511.00466 526.99148 0.030336011 29 0 0 28.19734 0 0 0.00020516855 0 0 1.0284659 0 0.28314478
25.515508  196194.533 1.0000001 0 137422 103533 208165 -0.69844063 1220 98.7197 38.599998 42 42 1 0 0 518.24992 536.10397 0.033303339 28 0 0 27.243386 0 0 0.00019824618 0 0 1.0277725 0 0.28316608
25.515781  196196.718 1.0000001 0 137412 103528 204423 -0.68034927 1215 98.7164 38.5 42 42 1 0 0 509.34155 531.92808 0.042461624 31 0 0 30.536955 0 0 0.00022222917 0 0 1.0151635 0 0.2831416
25.516094  196198.887 1.0000001 0 137342 103489 200666 -0.66217651 1207 98.7149 38.099998 42 42 1 0 0 526.61861 538.84362 0.022687475 35 0 0 33.678326 0 0 0.00024521505 0 0 1.0392442 0 0.28300884
25.516406  196201.083 1.0000001 0 137326 103471 197005 -0.64393773 1226 98.7131 38.299999 42 42 1 0 0 487.48628 516.34215 0.055885174 24 0 0 23.739972 0 0 0.0001728731 0 0 1.0109533 0 0.28306628
25.516719  196203.266 1.0000001 0 137342 103484 193592 -0.62633584 1217 98.7112 37.900002 42 42 1 0 0 518.34848 526.72989 0.015912144 32 0 0 30.535911 0 0 0.00022233484 0 0 1.0479466 0 0.28305715
25.516992  196205.464 1.0000001 0 137323 103467 190188 -0.60876034 1221 98.71 38 42 42 1 0 0 509.48313 521.53945 0.023116792 29 0 0 27.650676 0 0 0.00020135503 0 0 1.048799 0 0.28308309
25.517305  196207.663 1.0000001 0 137464 103576 186667 -0.58902064 1222 98.7075 38.099998 42 42 1 0 0 463.74706 479.37985 0.032610447 20 0 0 19.214211 0 0 0.00013977632 0 0 1.0408963 0 0.28305642
25.517617  196209.863 1.0000001 0 137275 103441 183104 -0.5710529 1215 98.7064 38.299999 42 42 1 0 0 492.50323 510.98216 0.036163566 31 0 0 29.944982 0 0 0.00021813864 0 0 1.035232 0 0.28298481
25.517891  196212.032 1.0000001 0 137431 103568 180050 -0.55300619 1221 98.7042 38.200001 42 42 1 0 0 512.45741 528.36218 0.030102028 33 0 0 31.934089 0 0 0.00023236453 0 0 1.0333786 0 0.28289357
25.518203  196214.218 1.0000001 0 137451 103574 176882 -0.53519651 1224 98.7015 38 42 42 1 0 0 495.98086 512.81265 0.032822494 32 0 0 31.197844 0 0 0.0002269743 0 0 1.025712 0 0.28298116
25.518516  196216.404 1.0000001 0 137296 103471 173526 -0.51703606 1228 98.7002 38.200001 42 42 1 0 0 543.73119 562.64441 0.03361487 45 0 0 44.034252 0 0 0.00032072495 0 0 1.0219318 0 0.2828478
25.518789  196218.587 1.0000001 0 137267 103443 170383 -0.49902811 1229 98.6993 38.099998 42 42 1 0 0 531.97157 547.07796 0.027612867 28 0 0 27.159982 0 0 0.00019786243 0 0 1.0309286 0 0.2829072
25.519102  196220.772 1.0000001 0 137362 103505 167514 -0.48144701 1230 98.698 37.900002 42 42 1 0 0 542.09128 554.31169 0.02204609 31 0 0 29.833003 0 0 0.00021718527 0 0 1.0391178 0 0.28299986
25.519414  196222.967 1.0000001 0 137497 103609 164689 -0.46343465 1228 98.6961 37.900002 42 42 1 0 0 503.09466 518.86399 0.03039203 33 0 0 31.767525 0 0 0.00023104159 0 0 1.0387968 0 0.2829779
25.519687  196225.158 1.0000001 0 137461 103586 161834 -0.44616893 1234 98.6943 37.700001 42 42 1 0 0 493.88312 513.46074 0.038128762 33 0 0 32.153116 0 0 0.00023390719 0 0 1.0263392 0 0.28293805
25.52  196227.349 1.0000001 0 137297 103457 158979 -0.42961605 1224 98.6919 37.599998 42 42 1 0 0 572.75622 591.57419 0.03180998 37 0 0 35.707771 0 0 0.00026007685 0 0 1.0361891 0 0.2829904
25.520312  196229.537 1.0000001 0 137287 103458 156110 -0.41139515 1220 98.6907 37.599998 42 42 1 0 0 513.30224 533.08103 0.037102789 36 0 0 35.084134 0 0 0.00025555321 0 0 1.026105 0 0.28290789
25.520586  196231.723 1.0000001 0 137371 103523 153784 -0.39575521 1207 98.6891 37.200001 42 42 1 0 0 491.59892 512.26859 0.04034927 20 0 0 19.665073 0 0 0.00014315301 0 0 1.0170317 0 0.28289148
25.520898  196233.909 1.0000001 0 137415 103560 151547 -0.38074465 1229 98.6879 37.5 42 42 1 0 0 520.53761 533.66534 0.024599191 36 0 0 34.741741 0 0 0.0002528235 0 0 1.0362176 0 0.28285439
25.521211  196236.092 1.0000001 0 137153 103364 149104 -0.36638731 1225 98.6854 37.5 42 42 1 0 0 519.9314 548.20399 0.051573133 33 0 0 32.83319 0 0 0.00023939097 0 0 1.0050806 0 0.28284035
25.521484  196238.277 1.0000001 0 137353 103510 147223 -0.35228022 1239 98.6842 37.5 42 42 1 0 0 478.72472 495.53838 0.033930087 28 0 0 27.313955 0 0 0.00019885954 0 0 1.0251171 0 0.28288603
25.521797  196240.463 1.0000001 0 137306 103481 145347 -0.33973597 1232 98.6828 37.5 42 42 1 0 0 532.23485 558.6031 0.047203905 41 0 0 40.464232 0 0 0.00029470112 0 0 1.0132406 0 0.28282399
25.522109  196242.661 1.0000001 0 137438 103574 143711 -0.32751801 1241 98.6801 37.400002 42 42 1 0 0 512.87388 534.20442 0.039929551 37 0 0 35.807283 0 0 0.00026053408 0 0 1.0333094 0 0.28288657
25.522383  196244.852 1.0000001 0 137335 103501 141969 -0.31602745 1201 98.6803 37.400002 42 42 1 0 0 507.9985 525.68617 0.033646828 28 0 0 27.107745 0 0 0.0001973841 0 0 1.0329152 0 0.28284192
25.522695  196247.042 1.0000001 0 137253 103434 140436 -0.30581814 1190 98.6772 37.400002 42 42 1 0 0 531.18521 548.95148 0.032364014 36 0 0 34.79323 0 0 0.00025349704 0 0 1.0346842 0 0.28289221
25.523008  196249.231 1.0000001 0 137395 103554 139270 -0.29632128 1197 98.676 37.400002 42 42 1 0 0 506.62972 527.23677 0.039085003 36 0 0 35.149564 0 0 0.00025582855 0 0 1.0241949 0 0.28276677
25.523281  196251.406 1.0000001 0 137221 103422 137812 -0.28707273 1199 98.6744 37.299999 42 42 1 0 0 506.03701 522.89313 0.032236257 34 0 0 33.107345 0 0 0.00024127025 0 0 1.0269626 0 0.28277506
25.523594  196253.592 1.0000001 0 137416 103576 137031 -0.27990153 1207 98.6718 36.900002 42 42 1 0 0 474.70815 487.75838 0.026755513 29 0 0 28.065507 0 0 0.00020423755 0 0 1.033297 0 0.28270718
25.523906  196255.775 1.0000001 0 137349 103531 136053 -0.27317343 1215 98.6705 37.099998 42 42 1 0 0 511.77624 534.31907 0.042189817 32 0 0 31.488866 0 0 0.0002292617 0 0 1.0162323 0 0.28265405
25.524219  196257.951 1.0000001 0 137251 103455 135261 -0.26806951 1193 98.6686 37.099998 42 42 1 0 0 493.63466 505.77984 0.024012785 34 0 0 32.88055 0 0 0.0002395651 0 0 1.0340461 0 0.28267463
25.524492  196260.135 1.0000001 0 137291 103483 134715 -0.26375409 1212 98.6671 37.099998 42 42 1 0 0 506.5972 522.43591 0.030317026 34 0 0 32.773165 0 0 0.00023871313 0 0 1.0374342 0 0.28269541
25.524805  196262.320 1.0000001 0 137407 103561 134282 -0.25978126 1207 98.6655 37.200001 42 42 1 0 0 542.26546 565.74467 0.041501424 39 0 0 38.108139 0 0 0.00027733768 0 0 1.0234035 0 0.28278651
25.525117  196264.502 1.0000001 0 137392 103565 133934 -0.25714771 1215 98.6626 36.799999 42 42 1 0 0 561.73842 581.69799 0.034312593 28 0 0 27.420667 0 0 0.00019957979 0 0 1.0211277 0 0.28263872
25.525391  196266.686 1.0000001 0 137195 103419 133460 -0.25501311 1217 98.6632 36.700001 42 42 1 0 0 512.28616 530.08635 0.033579787 31 0 0 30.096688 0 0 0.00021937161 0 0 1.0300138 0 0.28261457
25.525703  196268.866 1.0000001 0 137299 103489 133336 -0.25340693 1219 98.6597 36.799999 42 42 1 0 0 472.51427 489.3199 0.034344882 18 0 0 17.580692 0 0 0.00012804676 0 0 1.0238506 0 0.2826957
25.526016  196271.051 1.0000001 0 137270 103470 133199 -0.25256253 1198 98.6587 36.599998 42 42 1 0 0 484.25567 507.71822 0.046211767 32 0 0 31.67106 0 0 0.00023072091 0 0 1.0103862 0 0.28266807
25.526289  196273.236 1.0000001 0 137188 103412 133046 -0.25197392 1211 98.6561 36.400002 42 42 1 0 0 538.54002 549.69794 0.020298275 37 0 0 35.311504 0 0 0.00025739499 0 0 1.0478173 0 0.28263124
25.526602  196275.426 1.0000001 0 137398 103570 133275 -0.25216695 1216 98.655 36.599998 42 42 1 0 0 498.12772 517.7318 0.037865324 39 0 0 38.026228 0 0 0.00027675969 0 0 1.025608 0 0.28263411
25.526914  196277.592 1.0000001 0 137287 103476 133232 -0.25275227 1198 98.653 36.700001 42 42 1 0 0 523.47823 546.05978 0.041353621 41 0 0 40.339673 0 0 0.00029383461 0 0 1.0163693 0 0.28273392
25.527188  196279.777 1.0000001 0 137181 103411 133274 -0.25369582 1193 98.6508 36.799999 42 42 1 0 0 541.07739 559.01845 0.032093859 25 0 0 24.348021 0 0 0.00017748829 0 0 1.0267776 0 0.28258988
25.5275  196281.941 1.0000001 0 137344 103536 133585 -0.2548186 1202 98.65 36.299999 42 42 1 0 0 501.0305 522.67627 0.04141335 25 0 0 24.65457 0 0 0.00017950963 0 0 1.0140109 0 0.28256935
25.527812  196284.120 1.0000001 0 137256 103457 133683 -0.25631526 1186 98.6477 36.200001 42 42 1 0 0 493.61818 510.2316 0.032560545 28 0 0 26.905272 0 0 0.00019602256 0 0 1.0406883 0 0.28269173
25.528086  196286.307 1.0000001 0 137216 103425 133894 -0.25820173 1194 98.6459 36.200001 42 42 1 0 0 512.30612 537.53774 0.04693926 39 0 0 38.256337 0 0 0.00027880377 0 0 1.019439 0 0.28270961
25.528398  196288.504 1.0000001 0 137302 103500 134235 -0.26002038 1210 98.6448 36.400002 42 42 1 0 0 496.86748 514.4597 0.034195523 29 0 0 27.991727 0 0 0.00020386977 0 0 1.0360205 0 0.28261127
25.528711  196290.661 1.0000001 0 137308 103505 134495 -0.2619071 1211 98.6422 36.400002 42 42 1 0 0 529.98318 546.94441 0.031010884 15 0 0 14.624295 0 0 0.00010650723 0 0 1.0256906 0 0.28260666
25.528984  196292.840 1.0000001 0 137335 103534 134875 -0.26444836 1236 98.641 36.5 42 42 1 0 0 495.85898 519.26285 0.045071334 35 0 0 34.421177 0 0 0.0002506366 0 0 1.016816 0 0.28252314
25.529297  196295.030 1.0000001 0 137362 103541 135205 -0.26682448 1215 98.6395 35.599998 42 42 1 0 0 527.49748 538.72207 0.020835581 39 0 0 37.318281 0 0 0.00027167835 0 0 1.0450643 0 0.28265211
25.529609  196297.216 1.0000001 0 137391 103575 135590 -0.26933964 1220 98.6381 36.200001 42 42 1 0 0 551.43068 577.83264 0.045691369 42 0 0 41.415574 0 0 0.00030144314 0 0 1.0141114 0 0.28253489
25.529883  196299.411 1.0000001 0 137212 103430 135774 -0.27209668 1218 98.6358 35.700001 42 42 1 0 0 513.6791 535.15714 0.040134094 28 0 0 27.294418 0 0 0.00019892151 0 0 1.0258509 0 0.28263212
25.530195  196301.606 1.0000001 0 137216 103428 136213 -0.27534412 1210 98.6348 36 42 42 1 0 0 520.71208 553.32409 0.058938356 34 0 0 33.655031 0 0 0.00024527046 0 0 1.0102502 0 0.28268061
25.530508  196303.791 1.0000001 0 137348 103540 136746 -0.27816718 1211 98.634 35.900002 42 42 1 0 0 521.14423 536.2186 0.028112351 36 0 0 34.844719 0 0 0.00025369659 0 0 1.0331552 0 0.28255984
25.530781  196305.971 1.0000001 0 137252 103471 137106 -0.28146297 1189 98.6329 36.099998 42 42 1 0 0 523.53907 535.80484 0.022892236 30 0 0 28.962882 0 0 0.00021101974 0 0 1.0358086 0 0.28252727
25.531094  196308.156 1.0000001 0 137243 103467 137513 -0.28446574 1206 98.6309 35.900002 42 42 1 0 0 492.32644 510.17225 0.034979974 37 0 0 36.231865 0 0 0.00026399791 0 0 1.0212006 0 0.28250036
25.531406  196310.321 1.0000001 0 137275 103479 138009 -0.28795021 1205 98.6301 35.900002 42 42 1 0 0 483.65725 505.26213 0.042759746 19 0 0 18.713732 0 0 0.00013632295 0 0 1.0152973 0 0.28261752
25.531719  196312.507 1.0000001 0 137113 103371 138340 -0.29138996 1203 98.6278 35.900002 42 42 1 0 0 540.28435 562.75262 0.039925659 27 0 0 26.334067 0 0 0.00019206105 0 0 1.025288 0 0.28248094
25.531992  196314.705 1.0000001 0 137375 103568 139087 -0.29487123 1221 98.626 36.099998 42 42 1 0 0 507.69087 530.1101 0.042291653 32 0 0 31.240816 0 0 0.00022741268 0 0 1.0243011 0 0.28248601
25.532305  196316.895 1.0000001 0 137220 103442 139468 -0.29882412 1217 98.6238 36 42 42 1 0 0 519.79609 539.51746 0.036553718 47 0 0 45.854508 0 0 0.00033416782 0 0 1.0249811 0 0.28257441
25.532617  196319.091 1.0000001 0 137095 103347 139821 -0.30227077 1219 98.6218 35.900002 42 42 1 0 0 507.17434 530.48546 0.043942986 40 0 0 39.079369 0 0 0.0002850532 0 0 1.0235581 0 0.28258186
25.532891  196321.279 1.0000001 0 137145 103391 140329 -0.30547175 1209 98.6201 35.900002 42 42 1 0 0 522.74065 546.17721 0.042910183 34 0 0 33.399423 0 0 0.00024353365 0 0 1.0179818 0 0.28252084
25.533203  196323.448 1.0000001 0 137397 103576 141036 -0.30870953 1221 98.6182 35.900002 42 42 1 0 0 543.71801 562.5378 0.033455155 45 0 0 43.721776 0 0 0.00031821492 0 0 1.0292355 0 0.2825689
25.533516  196325.630 1.0000001 0 137323 103529 141401 -0.31174806 1232 98.6163 35.799999 42 42 1 0 0 539.75289 555.85605 0.028970032 38 0 0 36.993151 0 0 0.00026938787 0 0 1.0272173 0 0.28248405
25.533789  196327.815 1.0000001 0 137274 103483 141744 -0.31461527 1233 98.6151 35.900002 42 42 1 0 0 495.73076 511.59427 0.031008 30 0 0 29.179013 0 0 0.00021256038 0 0 1.0281363 0 0.28257158
25.534102  196330.014 1.0000001 0 137222 103442 142057 -0.31721732 1238 98.6126 35.799999 42 42 1 0 0 536.68175 553.5011 0.0303872 40 0 0 38.438326 0 0 0.00028011781 0 0 1.0406282 0 0.28258898
25.534414  196332.214 1.0000001 0 137273 103481 142479 -0.3198066 1241 98.6112 35.299999 42 42 1 0 0 559.29576 579.82381 0.035403959 28 0 0 26.968951 0 0 0.00019646217 0 0 1.038231 0 0.28258362
25.534688  196334.411 1.0000001 0 137329 103525 142891 -0.32226897 1228 98.61 35.599998 42 42 1 0 0 532.97715 553.55246 0.037169569 41 0 0 39.747987 0 0 0.00028943622 0 0 1.0314989 0 0.28256638
25.535  196336.581 1.0000001 0 137379 103562 143137 -0.32363175 1239 98.6077 35.700001 42 42 1 0 0 507.29914 530.57708 0.043872877 29 0 0 28.284844 0 0 0.00020588914 0 0 1.0252842 0 0.28257306
25.535312  196338.778 1.0000001 0 137357 103557 143337 -0.32507632 1234 98.6075 35.599998 42 42 1 0 0 533.11924 545.28414 0.022309296 26 0 0 24.872906 0 0 0.00018108219 0 0 1.0453142 0 0.28246119
25.535586  196340.964 1.0000001 0 137060 103340 143222 -0.32637135 1230 98.6048 35.299999 42 42 1 0 0 507.09771 531.60261 0.046096284 30 0 0 29.644159 0 0 0.000216286 0 0 1.0120038 0 0.28239426
25.535898  196343.150 1.0000001 0 137252 103476 143455 -0.3266817 1235 98.6046 35.400002 42 42 1 0 0 530.82632 543.05138 0.022511785 45 0 0 43.405729 0 0 0.00031624843 0 0 1.0367296 0 0.28247895
25.536211  196345.336 1.0000001 0 137295 103517 143508 -0.32665493 1232 98.6007 35.299999 42 42 1 0 0 508.02694 522.07826 0.026914214 33 0 0 31.964418 0 0 0.0002328156 0 0 1.0323981 0 0.28239605
25.536484  196347.505 1.0000001 0 137306 103527 143499 -0.32649562 1241 98.5989 35.299999 42 42 1 0 0 529.33243 540.60432 0.020850544 25 0 0 24.005558 0 0 0.00017483255 0 0 1.0414256 0 0.28237956
25.536797  196349.699 1.0000001 0 137278 103503 143302 -0.32535369 1239 98.5979 35.099998 42 42 1 0 0 558.41424 575.3538 0.029441986 32 0 0 30.788379 0 0 0.00022427759 0 0 1.0393533 0 0.28240747
25.537109  196351.896 1.0000001 0 136990 103286 142843 -0.32424429 1261 98.596 35.099998 42 42 1 0 0 508.11338 523.90598 0.030143967 34 0 0 32.744924 0 0 0.00023903149 0 0 1.038329 0 0.28240609
25.537383  196354.095 1.0000001 0 137258 103490 142867 -0.32243914 1236 98.5945 35.200001 42 42 1 0 0 515.60346 526.71404 0.021094136 33 0 0 31.374713 0 0 0.00022858203 0 0 1.0518026 0 0.28238738
25.537695  196356.285 1.0000001 0 137242 103470 142516 -0.32017256 1243 98.5925 35.099998 42 42 1 0 0 537.6694 561.05273 0.041677596 23 0 0 22.442179 0 0 0.00016352268 0 0 1.024856 0 0.28246408
25.538008  196358.485 1.0000001 0 137203 103442 142070 -0.31730882 1247 98.5903 35 42 42 1 0 0 514.62842 539.74608 0.046536058 32 0 0 31.289643 0 0 0.00022805364 0 0 1.0227027 0 0.28245051
25.538281  196360.677 1.0000001 0 137132 103390 141551 -0.31415183 1238 98.589 35.200001 42 42 1 0 0 527.6435 549.22613 0.039296451 29 0 0 28.291149 0 0 0.00020630596 0 0 1.0250557 0 0.28243572
25.538594  196362.849 1.0000001 0 137273 103497 141159 -0.31034429 1239 98.5881 35.099998 42 42 1 0 0 517.28261 542.62746 0.046707643 26 0 0 25.605304 0 0 0.00018652833 0 0 1.0154147 0 0.28242902
25.538945  196365.029 1.0000001 0 137241 103475 140551 -0.30624037 1245 98.586 34.799999 42 42 1 0 0 517.07032 535.92086 0.035174125 24 0 0 23.513915 0 0 0.00017133302 0 0 1.0206723 0 0.28240847
25.539219  196367.206 1.0000001 0 137270 103500 139929 -0.30156354 1212 98.585 35 42 42 1 0 0 511.19774 535.76713 0.045858334 29 0 0 28.720099 0 0 0.00020922342 0 0 1.0097459 0 0.28237818
25.539492  196369.411 1.0000001 0 137348 103566 139308 -0.29647822 1224 98.5827 34.900002 42 42 1 0 0 529.74485 547.80973 0.032976559 32 0 0 29.813078 0 0 0.00021706234 0 0 1.0733546 0 0.28230876
25.539805  196371.591 1.0000001 0 137153 103413 138362 -0.29114276 1223 98.581 34.799999 42 42 1 0 0 510.91863 531.53906 0.038793821 48 0 0 46.900624 0 0 0.00034195843 0 0 1.0234406 0 0.28236641
25.540117  196373.785 1.0000001 0 137204 103460 137550 -0.28480242 1216 98.5788 35.099998 42 42 1 0 0 537.08329 560.44447 0.0416833 38 0 0 37.038184 0 0 0.00026994974 0 0 1.0259683 0 0.2822838
25.540391  196375.977 1.0000001 0 137211 103468 136731 -0.27875311 1193 98.5765 34.900002 42 42 1 0 0 501.60394 515.54888 0.02704873 37 0 0 35.522463 0 0 0.00025888932 0 0 1.0415946 0 0.2822575
25.540703  196378.149 1.0000001 0 137023 103320 135611 -0.27195952 1215 98.5748 34.799999 42 42 1 0 0 512.64246 533.23095 0.038610843 29 0 0 28.27048 0 0 0.00020631923 0 0 1.0258051 0 0.28231783
25.541016  196380.306 1.0000001 0 137104 103382 134778 -0.26519811 1218 98.5737 34.799999 42 42 1 0 0 509.26638 524.28591 0.028647577 36 0 0 34.952817 0 0 0.00025493652 0 0 1.02996 0 0.2823089
25.541289  196382.498 1.0000001 0 137195 103469 133928 -0.25803029 1229 98.573 34.599998 42 42 1 0 0 526.25441 546.91238 0.037771986 26 0 0 25.347624 0 0 0.00018475618 0 0 1.0257373 0 0.28213122
25.541602  196384.709 1.0000001 0 137218 103472 132957 -0.25072472 1225 98.5695 34.599998 42 42 1 0 0 506.18856 534.55468 0.053064953 28 0 0 27.976807 0 0 0.00020388584 0 0 1.0008291 0 0.28226986
25.541914  196386.899 1.0000001 0 137089 103380 131861 -0.24333682 1222 98.5678 34.5 42 42 1 0 0 522.24173 542.83112 0.037929636 32 0 0 31.130627 0 0 0.00022708333 0 0 1.0279267 0 0.28221883
25.542188  196389.088 1.0000001 0 137305 103537 131050 -0.23564989 1227 98.5687 34.700001 42 42 1 0 0 529.40713 538.78271 0.017401417 29 0 0 27.752941 0 0 0.00020212622 0 0 1.0449344 0 0.28227569
25.542539  196391.278 1.0000001 0 137154 103429 129806 -0.22715564 1215 98.5656 34.599998 42 42 1 0 0 499.06517 524.24939 0.048038642 37 0 0 36.39361 0 0 0.00026534852 0 0 1.0166621 0 0.282219
25.542813  196393.469 1.0000001 0 137259 103519 128861 -0.21897913 1221 98.5638 34.299999 42 42 1 0 0 548.17065 559.46841 0.020193746 28 0 0 26.778164 0 0 0.00019509223 0 0 1.0456282 0 0.28211448
25.543086  196395.662 1.0000001 0 137185 103444 127772 -0.21121702 1215 98.5617 34.599998 42 42 1 0 0 522.96996 536.94593 0.026028626 32 0 0 30.73789 0 0 0.0002240616 0 0 1.0410605 0 0.28229998
25.543398  196397.827 1.0000001 0 137066 103365 126735 -0.20383188 1226 98.5606 34.400002 42 42 1 0 0 586.04827 596.52577 0.017564211 41 0 0 39.385017 0 0 0.00028734345 0 0 1.0410051 0 0.28219615
25.543711  196400.008 1.0000001 0 137123 103410 125855 -0.19642878 1218 98.5595 34.400002 42 42 1 0 0 520.86012 536.90335 0.029881038 30 0 0 29.232794 0 0 0.00021318665 0 0 1.0262448 0 0.28217666
25.543984  196402.198 1.0000001 0 137165 103447 125025 -0.18945431 1200 98.5582 34.400002 42 42 1 0 0 527.15766 548.82018 0.039471075 25 0 0 24.457599 0 0 0.00017830787 0 0 1.0221773 0 0.28212518
25.545078  196405.057 1.6901665 0 231793 174792 206446 -0.16644218 2014 98.5542 34.299999 42 42 1 0 0 491.269 506.44422 0.029964251 51 0 0 50.998759 0 0 0.00022001855 0 0 1.6902077 0 0.28224804
25.546172  196407.928 1.7048938 0 234006 176492 204812 -0.14881694 2056 98.5526 34.299999 42 42 1 0 0 529.35219 549.62131 0.03687834 51 0 0 51.277225 0 0 0.00021912782 0 0 1.6956765 0 0.28207121
25.547305  196410.837 1.719495 0 235716 177777 204257 -0.13884905 2079 98.5505 34.299999 42 42 1 0 0 526.21472 542.78919 0.03053575 51 0 0 50.638021 0 0 0.0002148264 0 0 1.7317866 0 0.28209773
25.548437  196413.757 1.7339732 0 237770 179332 205981 -0.1385451 2108 98.5484 34.099998 42 42 1 0 0 518.63378 533.43207 0.027741656 56 0 0 55.578537 0 0 0.00023374916 0 0 1.7471222 0 0.28206498
25.54957  196416.678 1.7483315 0 239789 180872 209717 -0.1479694 2102 98.5466 34 42 42 1 0 0 518.8458 537.94742 0.035508334 64 0 0 63.900677 0 0 0.00026648711 0 0 1.751049 0 0.28196977
25.550742  196419.638 1.7625728 0 241645 182272 215088 -0.16554717 2118 98.5437 34.299999 42 42 1 0 0 525.07309 547.20424 0.040444023 59 0 0 58.968921 0 0 0.00024403121 0 0 1.7635018 0 0.28196963
25.551953  196422.598 1.7767 0 243697 183823 222431 -0.1906436 2144 98.5411 34 42 42 1 0 0 501.68218 519.91777 0.035073988 49 0 0 48.986355 0 0 0.00020101337 0 0 1.7771949 0 0.28195231
25.553164  196425.582 1.7907158 0 245582 185249 230889 -0.22023621 2179 98.5382 34.200001 42 42 1 0 0 517.43941 532.34851 0.028006287 59 0 0 58.466753 0 0 0.00023807426 0 0 1.807048 0 0.28193004
25.554375  196428.582 1.8046227 0 247606 186794 239749 -0.24958614 2178 98.536 34 42 42 1 0 0 537.75527 550.45332 0.023068354 62 0 0 61.161045 0 0 0.00024700954 0 0 1.829377 0 0.28183237
25.555625  196431.578 1.8184232 0 249477 188192 248197 -0.27676007 2188 98.534 33.799999 42 42 1 0 0 523.65445 543.79285 0.037033227 52 0 0 52.415989 0 0 0.00021010349 0 0 1.8039917 0 0.28190401
25.556914  196434.562 1.8321198 0 251298 189598 255399 -0.29792099 2181 98.531 33.799999 42 42 1 0 0 503.40093 516.97761 0.026261633 46 0 0 45.912122 0 0 0.00018269991 0 0 1.8356266 0 0.28173344
25.558203  196437.597 1.8457148 0 253114 190957 260743 -0.31148698 2190 98.5291 33.900002 42 42 1 0 0 500.86178 517.91046 0.032918218 52 0 0 51.888292 0 0 0.00020499969 0 0 1.8496883 0 0.28179171
25.559492  196440.616 1.8592103 0 254787 192225 263774 -0.31642611 2207 98.5275 33.5 42 42 1 0 0 498.38011 513.32515 0.029114176 67 0 0 67.026917 0 0 0.0002630704 0 0 1.8584637 0 0.28176134
25.56082  196443.667 1.8726086 0 256681 193664 265027 -0.31370701 2205 98.525 33.799999 42 42 1 0 0 512.85816 523.06764 0.019518455 56 0 0 55.51947 0 0 0.00021629755 0 0 1.8888163 0 0.28170937
25.562188  196446.810 1.8859117 0 258615 195136 264660 -0.30474923 2264 98.5225 33.700001 42 42 1 0 0 507.12732 521.98114 0.02845662 46 0 0 44.614122 0 0 0.00017251173 0 0 1.944495 0 0.28164372
25.563555  196449.860 1.8991216 0 260491 196541 263265 -0.29229007 2294 98.5206 33.700001 42 42 1 0 0 543.44851 566.46674 0.040634753 58 0 0 58.809796 0 0 0.00022576518 0 0 1.8729712 0 0.28169725
25.564922  196452.930 1.9122403 0 261880 197597 260935 -0.27804173 2329 98.5171 33.599998 42 42 1 0 0 526.87245 547.14913 0.037058794 55 0 0 55.546866 0 0 0.00021210809 0 0 1.8934141 0 0.28165678
25.566328  196456.051 1.9252696 0 263917 199156 259369 -0.26416332 2321 98.5168 33.599998 42 42 1 0 0 558.16104 581.72628 0.04050916 69 0 0 69.309999 0 0 0.00026262044 0 0 1.9166586 0 0.28154622
25.567734  196459.165 1.9382113 0 265873 200649 257891 -0.2509799 2331 98.5123 33.299999 42 42 1 0 0 495.17748 517.67919 0.043466502 68 0 0 68.98961 0 0 0.00025948332 0 0 1.910409 0 0.28146164
25.56918  196462.301 1.9510671 0 267682 202023 256553 -0.23895372 2334 98.5109 33.5 42 42 1 0 0 514.29238 529.10565 0.027996809 55 0 0 54.859123 0 0 0.0002049414 0 0 1.9560774 0 0.28141816
25.570664  196465.437 1.9638388 0 269311 203255 255446 -0.22854969 2388 98.5085 33.299999 42 42 1 0 0 523.29455 546.07919 0.041724043 61 0 0 62.006907 0 0 0.00023024276 0 0 1.9319488 0 0.2814055
25.572109  196468.607 1.976528 0 271029 204539 254680 -0.21924919 2384 98.5068 33.5 42 42 1 0 0 522.00467 537.56854 0.028952352 65 0 0 64.667859 0 0 0.00023860125 0 0 1.9866797 0 0.28146716
25.573633  196471.790 1.9891362 0 272724 205841 253761 -0.20928885 2420 98.5034 33.200001 42 42 1 0 0 514.23312 533.59943 0.036293723 59 0 0 59.135544 0 0 0.00021683293 0 0 1.984577 0 0.28135627
25.575117  196474.961 2.0016651 0 274519 207217 252730 -0.19855517 2447 98.5023 33.299999 42 42 1 0 0 504.12708 523.37722 0.036780616 62 0 0 62.396575 0 0 0.00022729419 0 0 1.988943 0 0.28125392
25.57668  196478.141 2.0141159 0 276118 208433 250663 -0.18449176 2443 98.4992 33.099998 42 42 1 0 0 534.03784 554.25581 0.036477696 69 0 0 69.519657 0 0 0.00025177517 0 0 1.9990605 0 0.28121066
25.578242  196481.326 2.0264903 0 277569 209525 247888 -0.16813397 2433 98.4961 33.299999 42 42 1 0 0 514.63699 529.43489 0.027950374 62 0 0 61.995245 0 0 0.00022335075 0 0 2.0266458 0 0.28122649
25.579805  196484.561 2.0387896 0 279192 210756 245354 -0.152001 2469 98.4929 32.900002 42 42 1 0 0 538.78354 565.84061 0.04781746 61 0 0 61.892308 0 0 0.00022168367 0 0 2.0093962 0 0.28119865
25.581406  196487.770 2.0510151 0 281094 212199 243971 -0.13952485 2464 98.4912 32.900002 42 42 1 0 0 507.84026 527.27902 0.036866179 52 0 0 52.60699 0 0 0.00018715088 0 0 2.0273501 0 0.28116462
25.583008  196491.011 2.0631682 0 282761 213490 244570 -0.13591157 2511 98.4884 33.099998 42 42 1 0 0 497.88493 519.00029 0.04068468 64 0 0 64.959088 0 0 0.00022973143 0 0 2.0327066 0 0.28101202
25.584648  196494.270 2.0752501 0 284423 214727 247808 -0.1432868 2499 98.4859 33.099998 42 42 1 0 0 519.96415 534.40207 0.027016952 68 0 0 67.879606 0 0 0.00023865723 0 0 2.0789309 0 0.28109511
25.586289  196497.550 2.0872621 0 286022 215964 253683 -0.16097373 2509 98.4832 33.099998 42 42 1 0 0 547.96478 567.97334 0.035228 70 0 0 70.208893 0 0 0.00024546676 0 0 2.0810518 0 0.280957
25.587969  196500.835 2.0992053 0 287591 217152 261424 -0.18554604 2529 98.4806 32.900002 42 42 1 0 0 505.09445 521.173 0.030850701 58 0 0 57.950298 0 0 0.00020150247 0 0 2.1010058 0 0.28094176
25.589648  196504.110 2.111081 0 289093 218293 270009 -0.21261709 2554 98.4786 32.900002 42 42 1 0 0 498.08771 517.86148 0.038183501 60 0 0 60.680936 0 0 0.00020990109 0 0 2.0873914 0 0.28091024
25.591367  196507.456 2.1228902 0 291077 219816 278764 -0.23757471 2576 98.4761 32.900002 42 42 1 0 0 515.55348 532.90964 0.032568677 67 0 0 67.197713 0 0 0.00023085889 0 0 2.1166442 0 0.280797
25.593086  196510.763 2.1346342 0 292440 220854 285633 -0.25720592 2605 98.4731 32.799999 42 42 1 0 0 492.6987 508.59367 0.031252785 53 0 0 53.377843 0 0 0.00018252579 0 0 2.1195238 0 0.28075767
25.594805  196514.069 2.1463138 0 293893 221940 290924 -0.27065499 2662 98.471 32.599998 42 42 1 0 0 528.70565 547.32357 0.034016286 58 0 0 58.435008 0 0 0.00019883089 0 0 2.130336 0 0.28080868
25.596602  196517.403 2.1579303 0 295691 223317 294637 -0.2771518 2646 98.4685 32.5 42 42 1 0 0 534.3826 556.11156 0.039073017 60 0 0 60.763042 0 0 0.00020549507 0 0 2.1308317 0 0.2807227
25.598359  196520.744 2.1694845 0 297339 224576 296282 -0.27709752 2653 98.4669 32.400002 42 42 1 0 0 540.72223 560.42426 0.035155571 79 0 0 79.382651 0 0 0.00026697692 0 0 2.1590269 0 0.28065872
25.600156  196524.110 2.1809775 0 298772 225661 296387 -0.27263216 2686 98.4636 32.599998 42 42 1 0 0 530.78889 555.31791 0.044171123 67 0 0 68.075717 0 0 0.00022785173 0 0 2.1465142 0 0.28064687
25.601992  196527.469 2.1924103 0 300555 227007 295716 -0.26441868 2685 98.4601 32.5 42 42 1 0 0 517.84592 529.39816 0.021821458 55 0 0 54.702278 0 0 0.00018200422 0 0 2.2043427 0 0.28064991
25.603828  196530.827 2.2037838 0 302122 228216 294309 -0.25433769 2735 98.4581 32.299999 42 42 1 0 0 513.11117 533.06003 0.037423294 56 0 0 56.860537 0 0 0.00018820389 0 0 2.1704314 0 0.28053836
25.605703  196534.209 2.2150989 0 303281 229117 292445 -0.24404382 2737 98.4552 32.400002 42 42 1 0 0 517.01757 531.55912 0.027356426 56 0 0 56.021876 0 0 0.00018471937 0 0 2.2142339 0 0.28042698
25.607578  196537.624 2.2263565 0 305093 230482 291440 -0.23466138 2716 98.4528 32.299999 42 42 1 0 0 512.23167 534.06243 0.04087679 63 0 0 63.699133 0 0 0.00020878596 0 0 2.201921 0 0.28044388
25.609453  196541.045 2.2375574 0 306408 231491 290250 -0.22620162 2752 98.4502 32.5 42 42 1 0 0 507.5545 529.27657 0.041041051 62 0 0 62.919326 0 0 0.00020534492 0 0 2.204864 0 0.28037655
25.611367  196544.474 2.2487025 0 308012 232720 289637 -0.2187924 2749 98.4485 32.299999 42 42 1 0 0 534.95652 553.67711 0.03381139 69 0 0 69.507552 0 0 0.00022566508 0 0 2.2322822 0 0.28030273
25.61332  196547.903 2.2597927 0 309643 233968 289298 -0.21227294 2765 98.4454 32.400002 42 42 1 0 0 502.32259 530.30845 0.052772801 67 0 0 68.743107 0 0 0.00022200763 0 0 2.2024915 0 0.28023567
25.615273  196551.359 2.2708287 0 310842 234881 288754 -0.20649611 2783 98.4422 32 42 42 1 0 0 508.31875 524.64593 0.031120375 61 0 0 61.33015 0 0 0.00019730329 0 0 2.2586045 0 0.28020574
25.617227  196554.814 2.2818114 0 312552 236171 288844 -0.20133063 2781 98.4393 32.200001 42 42 1 0 0 531.34515 551.94835 0.037328123 68 0 0 68.956516 0 0 0.00022062414 0 0 2.2501597 0 0.28021474
25.619219  196558.280 2.2927414 0 314109 237366 288838 -0.19626272 2764 98.4369 32.299999 42 42 1 0 0 524.53669 540.81104 0.03009249 71 0 0 71.517744 0 0 0.00022768448 0 0 2.2761434 0 0.28013681
25.62125  196561.773 2.3036196 0 315486 238435 288836 -0.19176232 2772 98.4338 32 42 42 1 0 0 510.87645 526.14166 0.029013504 79 0 0 79.067538 0 0 0.00025062139 0 0 2.3016518 0 0.28001757
25.623281  196565.250 2.3144466 0 316943 239546 289495 -0.18939256 2785 98.4325 32 42 42 1 0 0 501.28125 516.91393 0.03024232 69 0 0 69.486648 0 0 0.0002192402 0 0 2.2982374 0 0.27997648
25.625312  196568.758 2.3252232 0 318541 240768 291197 -0.1901662 2795 98.4288 32 42 42 1 0 0 518.27226 537.65202 0.036045176 63 0 0 63.774845 0 0 0.00020020922 0 0 2.2969725 0 0.27991738
25.627383  196572.270 2.3359501 0 320011 241889 293713 -0.19412416 2790 98.4264 32 42 42 1 0 0 522.12202 538.11695 0.029723893 56 0 0 56.496516 0 0 0.00017654554 0 0 2.3154208 0 0.27987643
25.629492  196575.801 2.346628 0 321432 242983 297079 -0.20100661 2790 98.4237 32 42 42 1 0 0 516.20889 529.57309 0.025235795 78 0 0 77.920122 0 0 0.00024241557 0 0 2.3490336 0 0.27979453
25.631602  196579.343 2.3572575 0 322760 243993 300772 -0.20921297 2804 98.4201 32 42 42 1 0 0 504.51463 521.53354 0.032632447 54 0 0 54.417197 0 0 0.00016859957 0 0 2.3391853 0 0.27976948
25.633711  196582.910 2.3678393 0 324267 245139 304739 -0.21763028 2824 98.4189 31.700001 42 42 1 0 0 537.57064 553.66282 0.029064946 75 0 0 74.829254 0 0 0.00023076432 0 0 2.3732422 0 0.27974185
25.635859  196586.469 2.378374 0 325654 246209 308477 -0.22546652 2876 98.4147 31.4 42 42 1 0 0 509.6569 522.77516 0.025093508 70 0 0 70.021686 0 0 0.00021501866 0 0 2.3776374 0 0.2796547
25.638008  196590.052 2.3888623 0 327128 247341 311943 -0.23205253 2916 98.4119 31.6 42 42 1 0 0 522.01644 540.41011 0.034036511 63 0 0 63.294442 0 0 0.00019348525 0 0 2.3777494 0 0.27958358
25.640195  196593.638 2.3993047 0 328417 248334 314919 -0.23754085 2925 98.4099 31.799999 42 42 1 0 0 547.00582 565.03208 0.031903062 73 0 0 73.471039 0 0 0.00022371266 0 0 2.3839222 0 0.27950953
25.642422  196597.222 2.4097019 0 329854 249435 317560 -0.24146842 2951 98.408 31.700001 42 42 1 0 0 535.27286 551.98892 0.030283323 74 0 0 74.175544 0 0 0.00022487387 0 0 2.403999 0 0.27945177
25.644648  196600.832 2.4200544 0 331406 250610 319761 -0.2436759 2941 98.405 31.299999 42 42 1 0 0 501.99065 519.74965 0.03416837 79 0 0 79.622116 0 0 0.00024025551 0 0 2.4011456 0 0.27944626
25.646875  196604.452 2.4303628 0 332690 251609 321025 -0.24364271 2939 98.4022 31.4 42 42 1 0 0 528.76684 547.73755 0.034634667 75 0 0 75.638175 0 0 0.00022735332 0 0 2.4098573 0 0.27933483
25.649141  196608.092 2.4406276 0 334347 252884 321783 -0.24094652 2940 98.3994 31.6 42 42 1 0 0 517.71328 532.95783 0.028603662 74 0 0 73.872335 0 0 0.00022094511 0 0 2.4448454 0 0.27924849
25.651406  196611.728 2.4508495 0 335708 253932 321499 -0.23592792 2997 98.3966 31.5 42 42 1 0 0 517.11261 532.30072 0.028532957 75 0 0 75.091481 0 0 0.00022368094 0 0 2.4478637 0 0.27917522
25.653711  196615.373 2.4610289 0 336906 254842 320567 -0.22944756 3004 98.3922 31.4 42 42 1 0 0 496.33894 510.70007 0.028120483 60 0 0 60.329279 0 0 0.00017906858 0 0 2.4475965 0 0.27916021
25.656016  196619.024 2.4711663 0 338154 255805 319629 -0.22274551 3026 98.3897 31.4 42 42 1 0 0 548.39682 570.35017 0.038491001 69 0 0 70.016289 0 0 0.00020705444 0 0 2.4352973 0 0.27908598
25.658359  196622.691 2.4812624 0 339726 257011 319408 -0.2173504 3025 98.3876 31.200001 42 42 1 0 0 505.29909 525.88593 0.039146956 64 0 0 65.09234 0 0 0.00019160247 0 0 2.4396234 0 0.27902052
25.660703  196626.373 2.4913175 0 341060 258035 319659 -0.21415957 3050 98.3842 31.1 42 42 1 0 0 521.34791 541.42666 0.037084906 68 0 0 68.757831 0 0 0.0002016004 0 0 2.4638589 0 0.27896318
25.663086  196630.038 2.5013323 0 342284 258961 320365 -0.2127835 3028 98.3815 31.200001 42 42 1 0 0 501.54249 525.07742 0.044821826 62 0 0 63.37166 0 0 0.00018514351 0 0 2.4471917 0 0.27896333
25.665469  196633.746 2.5113071 0 343540 259945 321688 -0.21311206 3098 98.3784 31 42 42 1 0 0 526.50165 546.11214 0.035909271 70 0 0 70.641817 0 0 0.00020562909 0 0 2.4884906 0 0.27883348
25.667891  196637.461 2.5212424 0 345297 261301 323779 -0.21438818 3086 98.3764 30.799999 42 42 1 0 0 514.44459 535.39372 0.039128472 67 0 0 67.848846 0 0 0.00019649417 0 0 2.4896995 0 0.27873192
25.670313  196641.179 2.5311387 0 346398 262149 325539 -0.21656923 3043 98.3731 31.200001 42 42 1 0 0 548.67939 573.6096 0.043461987 68 0 0 69.431307 0 0 0.00020043795 0 0 2.47896 0 0.27867536
25.672773  196644.902 2.5409965 0 348052 263427 328208 -0.21987126 3091 98.3703 31 42 42 1 0 0 559.39335 579.63924 0.03492844 64 0 0 64.786392 0 0 0.00018613998 0 0 2.5101533 0 0.2785756
25.675234  196648.617 2.5508162 0 349201 264293 330643 -0.22398091 3057 98.3678 31.200001 42 42 1 0 0 487.00255 506.97139 0.039388496 63 0 0 64.050902 0 0 0.0001834213 0 0 2.5089642 0 0.27858935
25.677734  196652.366 2.5605982 0 350466 265287 333196 -0.22791865 3138 98.3644 31.1 42 42 1 0 0 536.42705 552.61756 0.029297843 69 0 0 69.346342 0 0 0.00019786896 0 0 2.5478096 0 0.27845144
25.680234  196656.127 2.570343 0 351796 266304 335674 -0.23150194 3118 98.361 31.1 42 42 1 0 0 523.94095 541.59808 0.032601914 69 0 0 69.656865 0 0 0.00019800357 0 0 2.5461046 0 0.27841295
25.682773  196659.872 2.580051 0 352848 267109 337801 -0.23480015 3124 98.358 30.5 42 42 1 0 0 515.37334 530.64643 0.028782044 71 0 0 71.475504 0 0 0.00020256741 0 0 2.5628867 0 0.27838055
25.685312  196663.656 2.5897226 0 354475 268361 340244 -0.23732992 3099 98.3564 30.700001 42 42 1 0 0 505.29191 519.69841 0.02772088 73 0 0 73.102245 0 0 0.0002062268 0 0 2.5861005 0 0.27830473
25.687852  196667.432 2.5993582 0 355718 269318 342454 -0.2402445 3124 98.3525 30.799999 42 42 1 0 0 526.71448 546.47171 0.03615418 67 0 0 67.980062 0 0 0.00019110661 0 0 2.5618835 0 0.27824544
25.69043  196671.202 2.6089582 0 356672 270057 344646 -0.24388476 3166 98.3495 30.799999 42 42 1 0 0 524.04358 542.92967 0.034785511 64 0 0 64.799736 0 0 0.00018167879 0 0 2.5767594 0 0.27818354
25.693047  196675.005 2.6185231 0 358554 271485 347687 -0.24739576 3156 98.3473 30.6 42 42 1 0 0 503.73736 519.14204 0.02967335 57 0 0 57.397987 0 0 0.00016008185 0 0 2.6003667 0 0.27817239
25.695664  196678.791 2.6280531 0 359864 272520 350054 -0.25037542 3183 98.3445 30.5 42 42 1 0 0 503.16269 521.92154 0.03594189 57 0 0 57.915272 0 0 0.00016093655 0 0 2.5865203 0 0.27801418
25.69832  196682.606 2.6375487 0 360865 273296 351955 -0.25294787 3175 98.3394 30.4 42 42 1 0 0 509.17389 529.37558 0.038161338 59 0 0 60.087877 0 0 0.00016651068 0 0 2.5897965 0 0.27794847
25.700977  196686.441 2.6470102 0 361886 274099 353575 -0.25460627 3191 98.3373 30.799999 42 42 1 0 0 481.15557 502.24955 0.041998988 69 0 0 70.29512 0 0 0.00019424659 0 0 2.5982416 0 0.27783989
25.703633  196690.292 2.6564381 0 363590 275397 355691 -0.25584868 3225 98.3348 30.700001 42 42 1 0 0 508.67098 527.53106 0.035751598 52 0 0 52.501362 0 0 0.00014439716 0 0 2.6310704 0 0.27781317
25.706328  196694.141 2.6658325 0 364606 276199 356885 -0.25629198 3275 98.3325 30.5 42 42 1 0 0 493.63873 508.06188 0.028388556 55 0 0 55.385944 0 0 0.00015190629 0 0 2.6472563 0 0.2776957
25.709063  196697.988 2.675194 0 366187 277406 358032 -0.25514023 3224 98.3298 30.6 42 42 1 0 0 500.55371 522.65075 0.042278797 73 0 0 74.666389 0 0 0.00020390235 0 0 2.6154896 0 0.27766199
25.711797  196701.855 2.6845229 0 367363 278309 358403 -0.25292604 3208 98.327 30.4 42 42 1 0 0 502.42025 522.24302 0.03795699 68 0 0 69.183968 0 0 0.0001883259 0 0 2.6385818 0 0.27761845
25.714531  196705.730 2.6938194 0 368506 279214 358225 -0.24918277 3220 98.3232 30.299999 42 42 1 0 0 518.20669 534.38915 0.030282171 70 0 0 70.666149 0 0 0.0001917639 0 0 2.6684256 0 0.27747848
25.717305  196709.625 2.703084 0 369759 280165 357950 -0.2450146 3247 98.3203 30.1 42 42 1 0 0 513.66305 532.61517 0.035583143 61 0 0 61.717425 0 0 0.00016691257 0 0 2.6716624 0 0.27747273
25.720117  196713.501 2.7123169 0 371144 281234 358003 -0.2413543 3282 98.3185 30.5 42 42 1 0 0 493.13897 514.91542 0.042291316 60 0 0 61.300359 0 0 0.00016516597 0 0 2.6547808 0 0.27740306
25.72293  196717.409 2.7215185 0 372112 282007 358145 -0.23900604 3279 98.3144 30.5 42 42 1 0 0 515.39527 538.95164 0.043707763 74 0 0 75.693279 0 0 0.00020341531 0 0 2.6606374 0 0.27726299
25.725742  196721.327 2.7306891 0 373568 283128 359058 -0.23758484 3285 98.3121 30.4 42 42 1 0 0 503.88247 520.14178 0.031259382 68 0 0 68.598243 0 0 0.00018362987 0 0 2.7068749 0 0.27720096
25.728594  196725.262 2.739829 0 374692 283992 359837 -0.23670508 3332 98.308 30.4 42 42 1 0 0 519.16167 539.67696 0.038014035 72 0 0 73.020325 0 0 0.00019488093 0 0 2.701545 0 0.27715829
25.731484  196729.210 2.7489385 0 376025 285037 361130 -0.23661901 3346 98.3063 30 42 42 1 0 0 543.79574 562.15166 0.032652958 59 0 0 59.397326 0 0 0.00015796111 0 0 2.7305501 0 0.27703663
25.734375  196733.130 2.758018 0 377150 285898 362492 -0.2373673 3383 98.3025 30.299999 42 42 1 0 0 501.17843 518.01345 0.0324992 81 0 0 82.075144 0 0 0.00021761937 0 0 2.7218893 0 0.27700788
25.737266  196737.075 2.7670676 0 378670 287095 364618 -0.23903706 3405 98.2997 29.9 42 42 1 0 0 503.74868 520.27207 0.031759132 63 0 0 63.871166 0 0 0.00016867237 0 0 2.7293264 0 0.27685194
25.740195  196741.021 2.7760877 0 379747 287918 366653 -0.24174018 3365 98.2966 29.6 42 42 1 0 0 517.96333 538.28567 0.037753815 84 0 0 85.390739 0 0 0.00022486218 0 0 2.7308742 0 0.27682952
25.743125  196744.988 2.7850786 0 380862 288787 369182 -0.24560036 3399 98.2939 30 42 42 1 0 0 513.88597 532.38568 0.034748707 73 0 0 74.08766 0 0 0.00019452626 0 0 2.7441917 0 0.27674771
25.746094  196748.962 2.7940407 0 382321 289914 372665 -0.25109557 3373 98.2902 29.9 42 42 1 0 0 508.29977 524.6605 0.031183475 64 0 0 64.61416 0 0 0.000169005 0 0 2.7674832 0 0.27667624
25.749063  196752.958 2.802974 0 383705 290985 376427 -0.25745242 3456 98.2881 29.799999 42 42 1 0 0 516.14381 536.55591 0.038042824 79 0 0 80.172448 0 0 0.00020894293 0 0 2.761983 0 0.27660231
25.75207  196756.953 2.8118789 0 384424 291554 379750 -0.2642879 3400 98.2835 30 42 42 1 0 0 522.15672 539.11937 0.031463615 76 0 0 76.859717 0 0 0.00019993475 0 0 2.7804266 0 0.27652087
25.755117  196760.959 2.8207558 0 385821 292652 383476 -0.27029285 3426 98.2804 29.799999 42 42 1 0 0 527.01933 548.7901 0.039670481 61 0 0 62.205787 0 0 0.00016122965 0 0 2.7660787 0 0.27638934
25.758125  196764.973 2.8296048 0 386924 293506 386420 -0.27502678 3427 98.2774 29.9 42 42 1 0 0 505.07807 521.16276 0.030863079 54 0 0 54.543752 0 0 0.00014096761 0 0 2.8013962 0 0.27633021
25.761211  196768.989 2.8384262 0 388147 294459 389019 -0.27848841 3391 98.2737 29.5 42 42 1 0 0 499.3759 516.81646 0.033746129 74 0 0 75.177778 0 0 0.00019368378 0 0 2.7939578 0 0.27624436
25.764297  196773.023 2.8472203 0 389291 295346 390971 -0.28048584 3467 98.2717 29.799999 42 42 1 0 0 515.0381 529.66014 0.02760647 69 0 0 69.417715 0 0 0.00017831831 0 0 2.8300874 0 0.27617959
25.767383  196777.073 2.8559873 0 390453 296236 392615 -0.28167305 3434 98.2698 29.700001 42 42 1 0 0 508.31201 531.1184 0.042940324 72 0 0 73.448209 0 0 0.00018811024 0 0 2.7996746 0 0.27615117
25.770508  196781.130 2.8647274 0 391697 297219 394062 -0.28203902 3438 98.2659 29.6 42 42 1 0 0 509.24121 531.63498 0.042122453 71 0 0 72.475669 0 0 0.00018502993 0 0 2.806399 0 0.27601934
25.773633  196785.157 2.873441 0 392875 298137 395362 -0.28224869 3478 98.2635 29.5 42 42 1 0 0 520.74029 543.17228 0.041298111 74 0 0 75.688263 0 0 0.00019265228 0 0 2.8093475 0 0.27593838
25.776797  196789.223 2.8821282 0 394062 299070 396536 -0.28208917 3473 98.2599 29.5 42 42 1 0 0 496.47021 510.53166 0.027542766 65 0 0 65.374338 0 0 0.00016589861 0 0 2.865625 0 0.2758306
25.779961  196793.293 2.8907893 0 395280 300024 397388 -0.28105066 3507 98.2572 29.200001 42 42 1 0 0 527.72724 547.64594 0.036371492 70 0 0 71.085146 0 0 0.00017983492 0 0 2.8466602 0 0.2757319
25.783164  196797.378 2.8994246 0 396455 300943 397844 -0.27913909 3484 98.2572 29.299999 42 42 1 0 0 523.81734 545.01424 0.038892382 59 0 0 60.112952 0 0 0.00015162617 0 0 2.8457437 0 0.27564166
25.786367  196801.473 2.9080342 0 397622 301864 398036 -0.27656587 3520 98.2485 29.1 42 42 1 0 0 536.87455 563.45524 0.047174454 79 0 0 81.158583 0 0 0.00020410989 0 0 2.830689 0 0.27552522
25.78957  196805.573 2.9166185 0 398867 302814 398063 -0.27349153 3565 98.2462 29.200001 42 42 1 0 0 542.72725 558.82327 0.028803417 73 0 0 73.673985 0 0 0.00018470815 0 0 2.8899366 0 0.27550927
25.792852  196809.685 2.9251775 0 399874 303600 397793 -0.27022072 3503 98.2443 29.5 42 42 1 0 0 527.71032 549.08374 0.038925604 68 0 0 69.346109 0 0 0.0001734199 0 0 2.8683955 0 0.27543845
25.796094  196813.795 2.9337115 0 400960 304469 397753 -0.26726193 3550 98.2399 29.299999 42 42 1 0 0 519.28608 530.18033 0.020548207 71 0 0 70.836639 0 0 0.0001766676 0 0 2.9404771 0 0.2752924
25.799375  196817.927 2.9422208 0 402414 305601 398615 -0.26571571 3554 98.2377 29.4 42 42 1 0 0 528.26512 544.47417 0.029770104 70 0 0 70.571267 0 0 0.00017536981 0 0 2.9184038 0 0.27520108
25.802695  196822.077 2.9507055 0 403380 306351 399182 -0.26468595 3559 98.2338 29.4 42 42 1 0 0 524.72596 546.15213 0.039231133 61 0 0 61.944937 0 0 0.00015356472 0 0 2.9056941 0 0.27514754
25.806016  196826.217 2.959166 0 404667 307349 400481 -0.26468241 3545 98.2316 29.200001 42 42 1 0 0 518.26167 538.38183 0.037371533 75 0 0 76.351981 0 0 0.00018867855 0 0 2.9067674 0 0.2750806
25.809375  196830.348 2.9676023 0 405771 308220 402064 -0.26579747 3591 98.2274 29.1 42 42 1 0 0 526.0906 550.20176 0.043822388 62 0 0 63.589948 0 0 0.00015671388 0 0 2.8934029 0 0.27497515
25.812734  196834.515 2.9760146 0 406708 308967 404056 -0.26831901 3577 98.2242 28.799999 42 42 1 0 0 502.67163 519.66587 0.032702236 66 0 0 66.802297 0 0 0.00016425125 0 0 2.9402726 0 0.27486101
25.816133  196838.691 2.9844033 0 407933 309925 406743 -0.2718512 3565 98.2219 29.1 42 42 1 0 0 518.63438 542.20346 0.043469069 67 0 0 68.532332 0 0 0.00016799899 0 0 2.9176742 0 0.27477261
25.819531  196842.866 2.9927685 0 408907 310685 409474 -0.27609387 3622 98.2181 29.1 42 42 1 0 0 509.0459 529.9016 0.039357684 72 0 0 73.477488 0 0 0.00017969242 0 0 2.9325898 0 0.27470821
25.82293  196847.053 3.0011103 0 410336 311795 412760 -0.28052039 3593 98.2153 29 42 42 1 0 0 500.02778 519.8192 0.038073648 68 0 0 69.245882 0 0 0.0001687541 0 0 2.9471139 0 0.27463042
25.826367  196851.231 3.009429 0 411462 312700 416065 -0.28559723 3625 98.2125 29.200001 42 42 1 0 0 532.20871 549.12088 0.030798635 63 0 0 63.676942 0 0 0.00015475777 0 0 2.9774362 0 0.27447241
25.829844  196855.433 3.0177248 0 412403 313435 419042 -0.29037915 3645 98.2091 29 42 42 1 0 0 528.29112 542.86003 0.026837322 68 0 0 68.553348 0 0 0.00016622902 0 0 2.9933664 0 0.27440902
25.83332  196859.643 3.0259979 0 413113 313998 421707 -0.29492414 3667 98.2062 28.700001 42 42 1 0 0 513.43632 530.21177 0.031639159 64 0 0 64.826589 0 0 0.00015692217 0 0 2.9874141 0 0.27433455
25.836758  196863.871 3.0342484 0 414554 315117 424519 -0.29801276 3631 98.2019 28.6 42 42 1 0 0 500.33171 516.64654 0.031578323 61 0 0 61.575918 0 0 0.00014853534 0 0 3.0058691 0 0.27425925
25.840312  196868.101 3.0424765 0 415675 316007 426403 -0.29962054 3634 98.1979 28.799999 42 42 1 0 0 522.12517 544.63863 0.041336514 93 0 0 95.069407 0 0 0.00022871091 0 0 2.9762499 0 0.27413934
25.843867  196872.340 3.0506824 0 416816 316912 428144 -0.30083545 3652 98.196 28.799999 42 42 1 0 0 513.95128 533.82132 0.037222282 61 0 0 62.04922 0 0 0.00014886478 0 0 2.999097 0 0.27402074
25.847422  196876.558 3.0588663 0 418026 317832 429605 -0.30134324 3658 98.1927 28.9 42 42 1 0 0 497.19781 517.01806 0.038335704 73 0 0 74.581497 0 0 0.00017841354 0 0 2.9940032 0 0.27402069
25.850977  196880.822 3.0670284 0 418644 318368 430375 -0.30144898 3659 98.1881 28.9 42 42 1 0 0 496.08539 516.3892 0.039318821 57 0 0 58.019233 0 0 0.00013858847 0 0 3.0131494 0 0.27381297
25.85457  196885.055 3.0751688 0 420217 319578 431931 -0.30126448 3699 98.1856 28.6 42 42 1 0 0 499.76848 517.21274 0.033727433 62 0 0 62.931524 0 0 0.00014975959 0 0 3.0296496 0 0.27376987
25.858203  196889.306 3.0832877 0 421053 320255 433050 -0.30173564 3728 98.1824 28.700001 42 42 1 0 0 499.35543 516.75933 0.033678919 68 0 0 68.966303 0 0 0.00016379483 0 0 3.040087 0 0.27364116
25.861836  196893.587 3.0913853 0 422689 321512 434981 -0.30226748 3710 98.1791 28.6 42 42 1 0 0 491.00815 504.50595 0.026754476 80 0 0 80.548927 0 0 0.0001905631 0 0 3.0703181 0 0.27360182
25.865469  196897.855 3.0994618 0 423429 322098 436180 -0.30319916 3765 98.1754 28.5 42 42 1 0 0 529.20851 549.17366 0.036354891 64 0 0 65.115892 0 0 0.00015378232 0 0 3.0463462 0 0.27353
25.869141  196902.130 3.1075172 0 424422 322909 437359 -0.30338382 3762 98.172 28.5 42 42 1 0 0 536.55305 557.09048 0.03686553 66 0 0 67.131702 0 0 0.00015817206 0 0 3.0551309 0 0.27335769
25.872812  196906.431 3.1155518 0 425327 323632 438061 -0.3027511 3777 98.1691 28 42 42 1 0 0 516.92443 533.25011 0.030615428 61 0 0 61.645623 0 0 0.00014493701 0 0 3.0829222 0 0.27325122
25.876523  196910.730 3.1235658 0 426648 324668 439051 -0.30181246 3759 98.1654 28.5 42 42 1 0 0 508.54949 528.86427 0.03841208 60 0 0 61.032371 0 0 0.00014305088 0 0 3.0707302 0 0.2731562
25.880273  196915.024 3.1315592 0 427760 325521 439668 -0.30059292 3762 98.1617 28.5 42 42 1 0 0 500.77185 520.12022 0.0371998 57 0 0 58.098621 0 0 0.0001358206 0 0 3.0723427 0 0.27313531
25.883984  196919.324 3.1395323 0 428793 326358 440534 -0.29999269 3754 98.1588 28.6 42 42 1 0 0 503.32959 518.58857 0.029424066 74 0 0 74.927773 0 0 0.00017474113 0 0 3.1006579 0 0.27297935
25.887812  196923.639 3.1474852 0 429924 327259 441319 -0.29901606 3720 98.1559 28.299999 42 42 1 0 0 508.55251 530.01421 0.040492697 68 0 0 69.509562 0 0 0.00016167872 0 0 3.0791302 0 0.27285654
25.891484  196927.985 3.1554181 0 430782 327933 442242 -0.29904792 3819 98.1527 28.4 42 42 1 0 0 505.72813 523.02431 0.033069554 70 0 0 70.918952 0 0 0.0001646284 0 0 3.1145309 0 0.27279284
25.895352  196932.339 3.163331 0 431982 328859 443442 -0.29893793 3780 98.1492 28.200001 42 42 1 0 0 523.26724 548.40199 0.045832706 90 0 0 92.440857 0 0 0.00021399238 0 0 3.0798048 0 0.27275483
25.89918  196936.693 3.1712242 0 432837 329568 444598 -0.2993878 3723 98.1466 28.200001 42 42 1 0 0 512.16612 531.60591 0.036568044 74 0 0 75.290263 0 0 0.000173946 0 0 3.1168784 0 0.27257851
25.903008  196941.053 3.1790979 0 434376 330776 446705 -0.30045701 3747 98.1427 28.1 42 42 1 0 0 504.88421 519.38643 0.027921824 62 0 0 62.730123 0 0 0.00014441434 0 0 3.142096 0 0.27246911
25.906797  196945.405 3.186952 0 435062 331325 447934 -0.30154613 3792 98.1403 28.200001 42 42 1 0 0 509.5159 527.68099 0.034424387 76 0 0 77.319922 0 0 0.00017772162 0 0 3.1325478 0 0.27238878
25.910742  196949.794 3.1947869 0 436249 332270 450414 -0.30421927 3784 98.1351 28.200001 42 42 1 0 0 526.04574 544.76809 0.034367559 62 0 0 62.84615 0 0 0.00014406027 0 0 3.1517728 0 0.27226529
25.914648  196954.178 3.2026026 0 437215 333033 452933 -0.30750263 3795 98.1325 28.1 42 42 1 0 0 505.74063 523.40488 0.033748742 50 0 0 50.55204 0 0 0.00011562284 0 0 3.1676294 0 0.27218348
25.918555  196958.548 3.2103992 0 438578 334112 455961 -0.31093101 3836 98.1295 28 42 42 1 0 0 511.47172 534.12474 0.042411477 59 0 0 60.582436 0 0 0.00013813378 0 0 3.1265424 0 0.27206141
25.9225  196962.951 3.218177 0 439479 334836 458745 -0.31485364 3837 98.1267 28 42 42 1 0 0 494.70544 517.19252 0.043479117 60 0 0 61.570631 0 0 0.00014009914 0 0 3.1360832 0 0.27194907
25.926445  196967.368 3.225936 0 440354 335543 461491 -0.31871244 3848 98.1235 28 42 42 1 0 0 517.78374 535.4422 0.032979206 69 0 0 69.862862 0 0 0.00015865159 0 0 3.1860931 0 0.27182883
25.93043  196971.793 3.2336764 0 441475 336436 463971 -0.32141411 3839 98.1186 28 42 42 1 0 0 524.40165 542.01438 0.032494956 60 0 0 60.753876 0 0 0.00013761567 0 0 3.1935507 0 0.27171346
25.934414  196976.197 3.2413983 0 442788 337439 466244 -0.32332435 3862 98.1157 27.700001 42 42 1 0 0 507.61128 530.64804 0.043412506 66 0 0 67.816909 0 0 0.00015315887 0 0 3.1545568 0 0.27170635
25.938437  196980.627 3.2491019 0 443333 337920 467386 -0.32434629 3879 98.1134 27.9 42 42 1 0 0 518.37704 534.09979 0.02943785 66 0 0 66.822457 0 0 0.00015072746 0 0 3.2091117 0 0.271512
25.9425  196985.079 3.2567873 0 444546 338858 468610 -0.32418973 3922 98.1082 27.6 42 42 1 0 0 531.66264 551.86492 0.036607292 71 0 0 72.13814 0 0 0.00016227374 0 0 3.2054042 0 0.2714724
25.946523  196989.517 3.2644545 0 445522 339663 469779 -0.32430842 3935 98.1058 27.799999 42 42 1 0 0 505.20937 523.21511 0.034413663 58 0 0 58.863021 0 0 0.00013212147 0 0 3.2165926 0 0.27129268
25.950547  196993.941 3.2721038 0 446573 340470 471018 -0.32456929 3934 98.104 27.799999 42 42 1 0 0 521.4349 537.09275 0.029152958 53 0 0 53.748574 0 0 0.00012035787 0 0 3.2265322 0 0.27127586
25.954687  196998.387 3.2797352 0 447673 341369 472464 -0.32499755 3943 98.0992 27.6 42 42 1 0 0 498.79638 517.89207 0.036871949 73 0 0 74.33916 0 0 0.00016605683 0 0 3.2206534 0 0.27109905
25.95875  197002.854 3.287349 0 448543 342070 473506 -0.32514919 3980 98.0967 27.799999 42 42 1 0 0 518.14915 540.91 0.042078805 63 0 0 64.642719 0 0 0.00014411711 0 0 3.2038099 0 0.27098916
25.962812  197007.342 3.2949451 0 449833 343094 474977 -0.32526192 4022 98.0933 27.799999 42 42 1 0 0 490.2616 505.70001 0.030528781 66 0 0 66.691406 0 0 0.00014825814 0 0 3.2607856 0 0.27087194
25.967031  197011.817 3.3025238 0 450762 343817 476013 -0.32533563 4036 98.0892 27.9 42 42 1 0 0 529.99579 555.31271 0.045590388 71 0 0 72.906873 0 0 0.00016174139 0 0 3.2161466 0 0.27082994
25.971172  197016.317 3.3100851 0 451553 344475 476859 -0.32519933 4010 98.0865 27.700001 42 42 1 0 0 520.57186 543.44448 0.042088242 63 0 0 64.539204 0 0 0.0001429272 0 0 3.2311424 0 0.27067123
25.975352  197020.823 3.3176291 0 452896 345529 478388 -0.32534554 3996 98.0827 27.6 42 42 1 0 0 513.14469 533.27372 0.03774615 66 0 0 67.302665 0 0 0.00014860512 0 0 3.2534154 0 0.27058594
25.97957  197025.342 3.3251561 0 453897 346339 479403 -0.32512352 3996 98.0791 27 42 42 1 0 0 522.76369 538.4111 0.029062196 60 0 0 60.552765 0 0 0.0001334064 0 0 3.2948019 0 0.27045224
25.983867  197029.868 3.3326661 0 454896 347142 480510 -0.32511412 3986 98.0762 27.5 42 42 1 0 0 518.86558 540.71051 0.040400424 70 0 0 71.508555 0 0 0.00015719759 0 0 3.2623597 0 0.2703349
25.988047  197034.372 3.3401591 0 456093 348075 481881 -0.32527922 4042 98.0727 27.4 42 42 1 0 0 512.36331 535.01945 0.042346389 68 0 0 69.760201 0 0 0.0001529517 0 0 3.2558797 0 0.27027876
25.992305  197038.901 3.3476355 0 456707 348583 482831 -0.32579033 4012 98.0685 27.6 42 42 1 0 0 512.25372 531.63092 0.036448591 55 0 0 56.06324 0 0 0.00012275538 0 0 3.2841475 0 0.27016568
25.996562  197043.447 3.3550951 0 457629 349328 484158 -0.32639999 4033 98.0653 27.799999 42 42 1 0 0 539.19094 559.48908 0.036279777 78 0 0 79.445122 0 0 0.00017360159 0 0 3.2940653 0 0.2700475
26.000859  197047.963 3.3625382 0 458724 350217 485879 -0.32740666 4085 98.0622 27.5 42 42 1 0 0 519.69031 543.18073 0.043246058 61 0 0 62.769922 0 0 0.00013683592 0 0 3.2677248 0 0.26989576
26.005195  197052.527 3.3699649 0 459735 351029 487691 -0.32881317 4136 98.0579 27.4 42 42 1 0 0 554.32991 573.68235 0.033733726 79 0 0 80.04867 0 0 0.00017411916 0 0 3.325817 0 0.2697814
26.009531  197057.096 3.3773752 0 460823 351877 489683 -0.33047656 4126 98.0557 27 42 42 1 0 0 536.86814 559.93409 0.041194035 72 0 0 73.640378 0 0 0.00015980187 0 0 3.3021424 0 0.26973234
26.013828  197061.656 3.3847693 0 461868 352731 491808 -0.33238267 4150 98.051 27.299999 42 42 1 0 0 521.68955 540.61097 0.035000081 57 0 0 57.880876 0 0 0.00012531909 0 0 3.3332573 0 0.26957341
26.018242  197066.204 3.3921473 0 462521 353241 493373 -0.33411494 4129 98.0472 27.200001 42 42 1 0 0 515.43984 536.08307 0.038507516 68 0 0 69.627614 0 0 0.00015053936 0 0 3.3128525 0 0.26954142
26.022617  197070.779 3.3995093 0 463357 353939 495423 -0.33628736 4117 98.044 27 42 42 1 0 0 522.57496 537.61514 0.027975726 58 0 0 58.469211 0 0 0.0001261861 0 0 3.3722285 0 0.26937323
26.027031  197075.367 3.4068553 0 464598 354924 497667 -0.3380275 4163 98.0406 26.700001 42 42 1 0 0 523.76801 545.47107 0.039787736 63 0 0 64.433469 0 0 0.0001386865 0 0 3.3310621 0 0.26926883
26.031484  197079.966 3.4141856 0 465711 355835 499881 -0.33990293 4147 98.0375 27.200001 42 42 1 0 0 519.19349 538.52907 0.035904428 73 0 0 74.402431 0 0 0.00015976095 0 0 3.3498307 0 0.26909813
26.035977  197084.554 3.4215001 0 466732 356648 501772 -0.34139653 4056 98.0336 27.1 42 42 1 0 0 522.1513 542.35085 0.037244434 69 0 0 70.429767 0 0 0.0001508998 0 0 3.3520416 0 0.26900592
26.040391  197089.170 3.4287991 0 467758 357471 503587 -0.34270225 4139 98.0312 27.1 42 42 1 0 0 535.42687 564.51199 0.0515226 65 0 0 67.353489 0 0 0.00014399217 0 0 3.3089888 0 0.26889683
26.044883  197093.800 3.4360825 0 468558 358137 505099 -0.34383885 4129 98.0271 26.799999 42 42 1 0 0 521.06281 542.26391 0.039097379 50 0 0 51.021294 0 0 0.00010889003 0 0 3.3673024 0 0.2687443
26.049375  197098.410 3.4433506 0 469606 358957 506652 -0.34462177 4037 98.0234 26.9 42 42 1 0 0 525.09656 544.85986 0.036272273 62 0 0 63.218534 0 0 0.00013462037 0 0 3.3769802 0 0.26869144
26.053906  197103.045 3.4506033 0 470741 359870 508437 -0.34559846 4092 98.0198 27 42 42 1 0 0 534.56616 563.47241 0.051300204 62 0 0 64.223762 0 0 0.0001364312 0 0 3.3311254 0 0.26856519
26.058438  197107.663 3.4578408 0 471521 360529 509658 -0.34616752 4163 98.0176 26.799999 42 42 1 0 0 540.27553 560.86737 0.036714275 72 0 0 73.494321 0 0 0.00015586649 0 0 3.3875344 0 0.26839124
26.063047  197112.315 3.4650632 0 472490 361291 510806 -0.34630614 4108 98.0122 26.700001 42 42 1 0 0 522.63642 547.42163 0.045276269 69 0 0 71.017489 0 0 0.00015030474 0 0 3.3666266 0 0.26833285
26.067617  197116.981 3.4722706 0 473415 362045 512181 -0.34690956 4131 98.0102 26.700001 42 42 1 0 0 503.61232 522.03245 0.035285424 53 0 0 53.88245 0 0 0.00011381652 0 0 3.4154042 0 0.26820387
26.072266  197121.649 3.4794631 0 474489 362908 513649 -0.34739079 4143 98.0071 26.799999 42 42 1 0 0 536.99409 554.59674 0.031739552 62 0 0 62.871086 0 0 0.00013250273 0 0 3.4312547 0 0.26808908
26.076875  197126.329 3.4866407 0 475346 363612 514868 -0.34782319 4236 98.0017 26.9 42 42 1 0 0 519.85729 541.61951 0.040179905 55 0 0 56.204035 0 0 0.00011823816 0 0 3.4119478 0 0.26795559
26.081445  197130.989 3.4938035 0 476221 364323 516350 -0.34874399 4202 97.9995 26.700001 42 42 1 0 0 513.26966 529.63423 0.030897869 55 0 0 55.767258 0 0 0.00011710374 0 0 3.445735 0 0.2678412
26.086133  197135.684 3.5009517 0 477210 365122 517623 -0.34901563 4187 97.9953 26.6 42 42 1 0 0 540.31481 559.53361 0.034347901 61 0 0 61.914152 0 0 0.00012974194 0 0 3.4492608 0 0.2677251
26.090781  197140.376 3.5080854 0 478021 365789 518801 -0.34946372 4151 97.9915 26.5 42 42 1 0 0 529.90456 544.04068 0.02598357 61 0 0 61.600169 0 0 0.00012886498 0 0 3.4739062 0 0.267598
26.095508  197145.081 3.5152046 0 479057 366638 520103 -0.34965188 4101 97.9878 26.799999 42 42 1 0 0 525.5987 544.12831 0.034053764 64 0 0 65.079491 0 0 0.00013584916 0 0 3.456897 0 0.2674446
26.100195  197149.773 3.5223094 0 480231 367578 521875 -0.35049255 4206 97.9857 26.700001 42 42 1 0 0 500.05709 511.77481 0.022896246 44 0 0 44.21276 0 0 9.206561e-05 0 0 3.5053594 0 0.2673317
26.104922  197154.490 3.5293998 0 480780 368037 522966 -0.35133298 4211 97.9803 26.700001 42 42 1 0 0 538.362 559.41509 0.037634108 72 0 0 73.467118 0 0 0.00015280818 0 0 3.4589187 0 0.26722631
26.109687  197159.193 3.5364761 0 482052 369044 525087 -0.35264809 4239 97.9766 26.4 42 42 1 0 0 523.77071 550.07436 0.047818354 65 0 0 67.082205 0 0 0.00013915969 0 0 3.4267053 0 0.26713611
26.114453  197163.903 3.5435382 0 482999 369825 526809 -0.35380813 4283 97.973 26.5 42 42 1 0 0 538.20018 555.8271 0.03171294 71 0 0 72.08528 0 0 0.0001492452 0 0 3.4901885 0 0.26698466
26.119258  197168.633 3.5505863 0 483720 370412 528271 -0.35499351 4289 97.9694 26.5 42 42 1 0 0 527.72739 548.10871 0.037184812 75 0 0 76.699956 0 0 0.00015856271 0 0 3.4718922 0 0.26689033
26.124063  197173.357 3.5576205 0 485045 371474 530473 -0.35629019 4259 97.9661 26.5 42 42 1 0 0 533.56957 552.51404 0.034287764 52 0 0 52.960743 0 0 0.00010918728 0 0 3.4930829 0 0.26676279
26.128906  197178.109 3.5646407 0 485693 372016 531919 -0.35755436 4269 97.961 26.5 42 42 1 0 0 515.66423 534.52111 0.035278082 57 0 0 58.110653 0 0 0.00011964482 0 0 3.4965107 0 0.26663987
26.133711  197182.839 3.5716471 0 486751 372867 533897 -0.35898115 4297 97.9598 26.6 42 42 1 0 0 518.70938 537.83226 0.035555465 59 0 0 60.286283 0 0 0.00012385446 0 0 3.4954416 0 0.26653091
26.138672  197187.602 3.5786399 0 487564 373550 535544 -0.36023119 4323 97.9557 26.200001 42 42 1 0 0 516.18923 532.18248 0.030052188 65 0 0 65.847971 0 0 0.00013505503 0 0 3.5325552 0 0.2663697
26.143555  197192.362 3.585619 0 488685 374442 537567 -0.36161649 4366 97.9529 26.6 42 42 1 0 0 526.02704 543.39529 0.031962458 57 0 0 57.75411 0 0 0.00011818269 0 0 3.5388006 0 0.26628119
26.148398  197197.137 3.5925845 0 489459 375093 539248 -0.36300158 4301 97.9486 26.700001 42 42 1 0 0 531.66561 553.77532 0.039925423 73 0 0 74.862205 0 0 0.00015294888 0 0 3.5032186 0 0.2661267
26.15332  197201.938 3.5995365 0 490446 375898 541133 -0.36434726 4358 97.9457 26.5 42 42 1 0 0 511.12406 528.33174 0.03256984 51 0 0 51.590917 0 0 0.00010519184 0 0 3.5583078 0 0.26599735
26.158281  197206.727 3.6064752 0 491641 376836 543246 -0.36575218 4392 97.9419 26.299999 42 42 1 0 0 533.82648 551.17 0.031466743 54 0 0 54.849774 0 0 0.00011156469 0 0 3.550601 0 0.2659387
26.163242  197211.509 3.6134005 0 492581 377624 545007 -0.36689965 4384 97.9371 26.299999 42 42 1 0 0 507.08619 524.8501 0.033845677 56 0 0 56.976501 0 0 0.0001156693 0 0 3.5514717 0 0.26575992
26.168242  197216.287 3.6203126 0 493163 378141 546137 -0.36760272 4376 97.9339 26 42 42 1 0 0 534.31836 557.89869 0.042266333 57 0 0 58.649685 0 0 0.00011892556 0 0 3.5184813 0 0.26557261
26.173281  197221.101 3.6272115 0 493957 378765 547756 -0.36891397 4353 97.9305 26.299999 42 42 1 0 0 501.35503 523.34508 0.04201827 50 0 0 51.222517 0 0 0.00010369833 0 0 3.5406416 0 0.26553251
26.178242  197225.908 3.6340973 0 495077 379669 549581 -0.36985635 4318 97.9271 26.200001 42 42 1 0 0 536.94543 557.65624 0.037139021 67 0 0 68.336247 0 0 0.00013803155 0 0 3.5630362 0 0.26541349
26.18332  197230.739 3.6409701 0 495893 380352 551030 -0.37069211 4399 97.9227 26 42 42 1 0 0 525.00612 546.7494 0.039768273 66 0 0 67.551025 0 0 0.00013622097 0 0 3.5573706 0 0.26526304
26.188359  197235.567 3.6478299 0 496701 381019 552429 -0.37147568 4403 97.9197 25.9 42 42 1 0 0 523.00082 534.38402 0.021301542 58 0 0 58.07071 0 0 0.00011691281 0 0 3.6433882 0 0.26513899
26.193398  197240.371 3.6546769 0 497703 381855 553996 -0.37211651 4386 97.9155 26 42 42 1 0 0 506.68131 528.87011 0.041955093 65 0 0 66.864719 0 0 0.00013434663 0 0 3.5527555 0 0.26496256
26.198516  197245.216 3.6615111 0 498483 382494 555239 -0.37268568 4378 97.9122 26.1 42 42 1 0 0 515.75382 535.51215 0.036896133 59 0 0 60.316457 0 0 0.00012100003 0 0 3.5815955 0 0.26485652
26.203633  197250.066 3.6683325 0 499725 383490 557159 -0.37353711 4435 97.9087 26.1 42 42 1 0 0 522.10752 542.10413 0.036887027 59 0 0 60.293158 0 0 0.00012065267 0 0 3.5896547 0 0.2647444
26.20875  197254.940 3.6751413 0 500672 384283 558829 -0.37446426 4424 97.9046 26.1 42 42 1 0 0 505.97534 525.25539 0.036706046 56 0 0 56.987335 0 0 0.00011382169 0 0 3.6114675 0 0.26457194
26.213867  197259.810 3.6819374 0 501750 385148 560601 -0.37538175 4478 97.9012 26.200001 42 42 1 0 0 523.89687 543.79806 0.036596658 58 0 0 59.159468 0 0 0.00011790626 0 0 3.609775 0 0.26447431
26.219102  197264.681 3.6887211 0 502433 385712 561819 -0.37608876 4490 97.8976 25.9 42 42 1 0 0 504.45759 531.26851 0.050465861 54 0 0 55.992106 0 0 0.00011144193 0 0 3.5574826 0 0.26437132
26.224336  197269.568 3.6954923 0 503249 386395 563386 -0.37710484 4492 97.8932 25.9 42 42 1 0 0 524.46143 545.09936 0.037860846 62 0 0 63.335087 0 0 0.00012585238 0 0 3.6175923 0 0.26422492
26.229492  197274.451 3.7022511 0 504173 387172 565084 -0.37810535 4476 97.8902 25.799999 42 42 1 0 0 532.5491 553.46668 0.037793747 60 0 0 61.41224 0 0 0.00012180787 0 0 3.6171139 0 0.26405042
26.234727  197279.355 3.7089976 0 504957 387816 566759 -0.37940317 4385 97.8868 25.9 42 42 1 0 0 515.72279 545.27038 0.054188887 59 0 0 61.255019 0 0 0.0001213074 0 0 3.572456 0 0.26394228
26.239961  197284.250 3.7157319 0 505803 388519 568428 -0.38053258 4514 97.8823 26.1 42 42 1 0 0 521.36319 541.14999 0.036564356 60 0 0 61.430209 0 0 0.00012145086 0 0 3.6292227 0 0.26380519
26.245234  197289.160 3.7224539 0 506923 389403 570537 -0.38196323 4564 97.8789 25.799999 42 42 1 0 0 509.78952 525.74095 0.030340859 59 0 0 59.826817 0 0 0.00011801954 0 0 3.671009 0 0.26374432
26.250508  197294.070 3.7291639 0 507646 390037 572226 -0.38329241 4512 97.8751 25.700001 42 42 1 0 0 508.12562 528.56673 0.038672723 45 0 0 46.102435 0 0 9.0816109e-05 0 0 3.6399894 0 0.26354275
26.25582  197298.965 3.7358618 0 508335 390606 573593 -0.38422071 4524 97.8706 25.799999 42 42 1 0 0 532.38146 553.42886 0.038030907 69 0 0 70.695266 0 0 0.0001390722 0 0 3.6462762 0 0.2634413
26.261172  197303.896 3.7425477 0 509678 391691 575878 -0.38542257 4538 97.8665 25.5 42 42 1 0 0 521.69095 539.96449 0.033842103 50 0 0 50.877307 0 0 9.982245e-05 0 0 3.6780128 0 0.26330589
26.266484  197308.846 3.7492217 0 510567 392449 577631 -0.38652866 4574 97.8616 26 42 42 1 0 0 529.19469 548.46692 0.03513836 57 0 0 57.911417 0 0 0.00011342569 0 0 3.690216 0 0.26311528
26.271875  197313.795 3.7558838 0 511333 393085 579287 -0.38777216 4511 97.8606 25.5 42 42 1 0 0 531.51543 555.51535 0.043202983 59 0 0 60.582592 0 0 0.00011847972 0 0 3.6577693 0 0.26299517
26.277227  197318.715 3.7625342 0 512126 393728 580905 -0.38892692 4532 97.8551 25.9 42 42 1 0 0 520.37579 539.89467 0.036153128 64 0 0 65.364686 0 0 0.00012763399 0 0 3.6839798 0 0.26291037
26.282656  197323.645 3.7691728 0 513044 394529 582740 -0.39004847 4492 97.8518 25.5 42 42 1 0 0 535.33954 554.07866 0.033820337 57 0 0 58.0974 0 0 0.00011324058 0 0 3.697977 0 0.26266896
26.288047  197328.599 3.7757997 0 513913 395218 584421 -0.3911841 4527 97.8474 25.6 42 42 1 0 0 526.06653 547.16375 0.038557411 60 0 0 61.549235 0 0 0.00011976587 0 0 3.6807603 0 0.26261648
26.293516  197333.565 3.782415 0 514942 396082 586303 -0.39221546 4547 97.8434 25.1 42 42 1 0 0 516.60343 536.29642 0.036720337 56 0 0 57.227154 0 0 0.0001111332 0 0 3.7013066 0 0.26243301
26.298945  197338.539 3.7890188 0 515449 396508 587503 -0.39318513 4553 97.8407 25.6 42 42 1 0 0 521.57309 536.47369 0.027775072 60 0 0 60.618564 0 0 0.00011760342 0 0 3.7503549 0 0.26234215
26.304453  197343.504 3.7956111 0 516523 397383 589536 -0.39443524 4573 97.8365 25.6 42 42 1 0 0 532.96993 552.36093 0.035105657 59 0 0 60.163932 0 0 0.00011647871 0 0 3.7221811 0 0.26221927
26.309922  197348.462 3.8021919 0 517695 398339 591518 -0.39538871 4560 97.8327 25.4 42 42 1 0 0 520.51321 538.55363 0.033497907 50 0 0 50.937812 0 0 9.8393478e-05 0 0 3.7321901 0 0.26208286
26.31543  197353.453 3.8087614 0 518321 398896 592798 -0.39615297 4550 97.8289 25.4 42 42 1 0 0 509.87752 534.05119 0.045264705 64 0 0 66.016194 0 0 0.00012736546 0 0 3.6924384 0 0.26189401
26.321016  197358.449 3.8153196 0 519181 399605 594334 -0.39696489 4577 97.8249 25.5 42 42 1 0 0 535.59856 564.98602 0.052014493 53 0 0 55.059383 0 0 0.00010605046 0 0 3.6726154 0 0.26177601
26.326523  197363.454 3.8218665 0 520176 400415 596320 -0.39827593 4571 97.8213 25 42 42 1 0 0 524.62311 541.03963 0.030342553 55 0 0 55.860259 0 0 0.00010738723 0 0 3.763009 0 0.26166571
26.332109  197368.484 3.8284022 0 520873 400990 597628 -0.399032 4569 97.818 25.299999 42 42 1 0 0 496.40559 513.1582 0.032646081 70 0 0 70.96035 0 0 0.0001362335 0 0 3.7765901 0 0.26156976
26.337695  197373.479 3.8349268 0 521853 401836 599483 -0.40002357 4639 97.8136 25.299999 42 42 1 0 0 504.38949 525.09135 0.039425251 52 0 0 53.398723 0 0 0.00010232522 0 0 3.7344749 0 0.26134189
26.34332  197378.504 3.8414403 0 522809 402619 601068 -0.40071737 4648 97.809 25.200001 42 42 1 0 0 518.08645 543.91651 0.047489023 59 0 0 61.028839 0 0 0.00011673257 0 0 3.7137357 0 0.26122549
26.348945  197383.557 3.8479427 0 523530 403199 602569 -0.40177195 4588 97.8054 25.299999 42 42 1 0 0 520.16586 538.1693 0.033453113 54 0 0 54.710916 0 0 0.00010450388 0 0 3.7979424 0 0.2611641
26.35457  197388.594 3.8544342 0 524051 403668 603879 -0.40278109 4648 97.8023 25 42 42 1 0 0 509.13552 533.03872 0.044843264 62 0 0 63.91555 0 0 0.00012196437 0 0 3.7389168 0 0.26099625
26.360273  197393.643 3.8609148 0 525039 404503 605827 -0.40393531 4629 97.7983 25.4 42 42 1 0 0 543.72528 562.5906 0.033532939 56 0 0 57.028356 0 0 0.00010861737 0 0 3.7912934 0 0.26081339
26.365938  197398.687 3.8673846 0 526123 405406 607689 -0.4047742 4684 97.7949 25.299999 42 42 1 0 0 535.92161 554.05227 0.032723726 50 0 0 51.018854 0 0 9.6971343e-05 0 0 3.7901523 0 0.26064599
26.371641  197403.722 3.8738435 0 527104 406217 609644 -0.40598768 4658 97.7918 25.1 42 42 1 0 0 513.77641 537.32751 0.043830069 52 0 0 53.584077 0 0 0.0001016575 0 0 3.7593232 0 0.26051037
26.377383  197408.773 3.8802917 0 528019 406965 611549 -0.4072679 4705 97.7862 25 42 42 1 0 0 529.76581 545.42567 0.028711269 67 0 0 67.880825 0 0 0.00012855754 0 0 3.8299408 0 0.26040508
26.383125  197413.836 3.8867291 0 528739 407563 612971 -0.4081221 4771 97.7819 25.1 42 42 1 0 0 535.29175 561.68811 0.046994693 50 0 0 51.758474 0 0 9.7890403e-05 0 0 3.754679 0 0.2602994
26.388867  197418.891 3.893156 0 529382 408128 614525 -0.40926876 4748 97.7787 24.6 42 42 1 0 0 515.17364 536.86524 0.040404184 49 0 0 50.327955 0 0 9.506926e-05 0 0 3.790431 0 0.26012944
26.394648  197423.990 3.8995722 0 530471 409020 616736 -0.410677 4736 97.7755 25.299999 42 42 1 0 0 506.59387 522.85483 0.031100332 51 0 0 51.63193 0 0 9.7332239e-05 0 0 3.8518448 0 0.26000124
26.400469  197429.082 3.9059779 0 531522 409892 618789 -0.41187063 4684 97.7717 25.299999 42 42 1 0 0 523.93752 548.58838 0.044935077 51 0 0 52.565313 0 0 9.8895836e-05 0 0 3.789664 0 0.25985088
26.406289  197434.178 3.9123731 0 532063 410395 620215 -0.41294608 4676 97.7679 25.1 42 42 1 0 0 532.80529 551.44305 0.033798163 52 0 0 53.04409 0 0 9.969513e-05 0 0 3.8353642 0 0.25964179
26.412109  197439.276 3.9187579 0 532853 411029 621988 -0.41425703 4704 97.7629 25.1 42 42 1 0 0 507.34997 529.12736 0.041157186 48 0 0 49.321429 0 0 9.2561042e-05 0 0 3.8137658 0 0.25958182
26.417969  197444.388 3.9251323 0 533849 411880 623917 -0.4152853 4675 97.7577 25.1 42 42 1 0 0 525.92133 550.96272 0.045450228 37 0 0 38.139564 0 0 7.1442606e-05 0 0 3.8078541 0 0.25938098
26.423867  197449.507 3.9314963 0 534506 412427 625444 -0.41640258 4678 97.7548 25.299999 42 42 1 0 0 535.47182 557.76348 0.03996616 53 0 0 54.359695 0 0 0.00010170081 0 0 3.8331581 0 0.25928374
26.429766  197454.631 3.9378501 0 535333 413131 627409 -0.41783391 4677 97.7523 25.200001 42 42 1 0 0 514.80383 534.48988 0.036831469 54 0 0 55.20025 0 0 0.00010311386 0 0 3.8522272 0 0.25912425
26.435664  197459.766 3.9441936 0 536205 413852 629161 -0.41887876 4781 97.7483 25.200001 42 42 1 0 0 520.96443 542.83753 0.040294015 65 0 0 66.620416 0 0 0.0001242443 0 0 3.8482586 0 0.25900813
26.441602  197464.880 3.950527 0 537160 414645 631039 -0.41994493 4730 97.744 25 42 42 1 0 0 524.948 546.63499 0.039673611 44 0 0 45.16115 0 0 8.4073927e-05 0 0 3.8489539 0 0.25887327
26.447539  197470.026 3.9568502 0 537956 415339 632743 -0.42096928 4846 97.7393 25 42 42 1 0 0 522.25874 542.33773 0.037023034 46 0 0 46.96188 0 0 8.7296878e-05 0 0 3.8758054 0 0.25868172
26.453516  197475.170 3.9631633 0 538982 416206 634891 -0.422273 4824 97.7359 24.299999 42 42 1 0 0 531.11949 554.21515 0.041672741 47 0 0 48.285511 0 0 8.95865e-05 0 0 3.8576515 0 0.25850185
26.459531  197480.330 3.9694664 0 539541 416683 636270 -0.42329726 4780 97.7314 24.5 42 42 1 0 0 546.53532 570.13336 0.041390372 47 0 0 48.239361 0 0 8.9408148e-05 0 0 3.8674832 0 0.25839304
26.465508  197485.485 3.9757595 0 540179 417244 637647 -0.42411366 4803 97.7282 24.9 42 42 1 0 0 494.93527 519.12823 0.046603045 42 0 0 43.408911 0 0 8.0360234e-05 0 0 3.8467194 0 0.25822938
26.471563  197490.629 3.9820426 0 541152 418065 639777 -0.42548276 4812 97.7235 24.9 42 42 1 0 0 530.35443 552.14787 0.039470298 56 0 0 57.454963 0 0 0.00010617158 0 0 3.8812032 0 0.25806328
26.477617  197495.785 3.9883159 0 542066 418815 641889 -0.4269861 4809 97.72 24.6 42 42 1 0 0 527.01263 546.25626 0.035228209 57 0 0 58.165705 0 0 0.00010730373 0 0 3.9083856 0 0.25795847
26.483672  197500.936 3.9945792 0 543063 419656 643741 -0.42786114 4753 97.7167 24.200001 42 42 1 0 0 526.12556 547.58256 0.039184953 51 0 0 52.32453 0 0 9.6350755e-05 0 0 3.8934614 0 0.25779001
26.489766  197506.115 4.0008328 0 543378 419934 644911 -0.42901477 4724 97.7129 24.9 42 42 1 0 0 533.16252 552.87321 0.035651375 54 0 0 55.172388 0 0 0.00010153593 0 0 3.915817 0 0.25770765
