# I1 = col 4  I2= col 5, mu = ln(I2/I2) = col 6
#BL8: X-ray Absorption Spectroscopy
#Siam Photon Laboratory, Synchrotron Light Research Institute (Public Organization)
#Experiment date: Friday, October 10, 2014
#Duration: 5:30:44 - 5:40:30
#
#Transmission-mode XAS
# E0 (eV) = 8979
# Photon Energy Scan (eV) = -200,-10,20,15k
# Photon Energy Step (eV) = 10,0.3,0.04k
# Time Step (s) = 1,1,1
# Gain = 8, 8
# Points/scan = 440
Energy (eV)	Bragg Angle (deg)	Time Step (s)	I0 (counts)	I1 (counts)	ln(I0/I1)		
8.77914E+3	2.06691E+1	1.00000E+0	2.37830E+4	3.16900E+4	-2.87030E-1
8.78907E+3	2.06447E+1	1.00000E+0	2.35040E+4	3.15080E+4	-2.93071E-1
8.79914E+3	2.06200E+1	1.00000E+0	2.32070E+4	3.13250E+4	-2.99963E-1
8.80907E+3	2.05957E+1	1.00000E+0	2.29240E+4	3.11260E+4	-3.05859E-1
8.81906E+3	2.05713E+1	1.00000E+0	2.26600E+4	3.09570E+4	-3.11998E-1
8.82904E+3	2.05470E+1	1.00000E+0	2.24030E+4	3.07830E+4	-3.17768E-1
8.83912E+3	2.05225E+1	1.00000E+0	2.21450E+4	3.06000E+4	-3.23388E-1
8.84911E+3	2.04983E+1	1.00000E+0	2.18630E+4	3.04180E+4	-3.30239E-1
8.85908E+3	2.04742E+1	1.00000E+0	2.16270E+4	3.02670E+4	-3.36115E-1
8.86903E+3	2.04502E+1	1.00000E+0	2.13540E+4	3.00550E+4	-3.41790E-1
8.87900E+3	2.04262E+1	1.00000E+0	2.11680E+4	2.99660E+4	-3.47573E-1
8.88913E+3	2.04019E+1	1.00000E+0	2.08870E+4	2.97400E+4	-3.53366E-1
8.89902E+3	2.03782E+1	1.00000E+0	2.06360E+4	2.95570E+4	-3.59283E-1
8.90915E+3	2.03540E+1	1.00000E+0	2.04020E+4	2.93660E+4	-3.64205E-1
8.91918E+3	2.03301E+1	1.00000E+0	2.01510E+4	2.91720E+4	-3.69955E-1
8.92911E+3	2.03065E+1	1.00000E+0	1.99450E+4	2.90080E+4	-3.74593E-1
8.93915E+3	2.02827E+1	1.00000E+0	1.97080E+4	2.87880E+4	-3.78934E-1
8.94912E+3	2.02591E+1	1.00000E+0	1.94720E+4	2.85480E+4	-3.82609E-1
8.95912E+3	2.02355E+1	1.00000E+0	1.92460E+4	2.82380E+4	-3.83365E-1
8.96906E+3	2.02121E+1	1.00000E+0	1.88480E+4	2.74370E+4	-3.75486E-1
8.96931E+3	2.02115E+1	1.00000E+0	1.88620E+4	2.74330E+4	-3.74597E-1
8.96961E+3	2.02108E+1	1.00000E+0	1.88760E+4	2.74410E+4	-3.74147E-1
8.96991E+3	2.02101E+1	1.00000E+0	1.88940E+4	2.74430E+4	-3.73267E-1
8.97021E+3	2.02094E+1	1.00000E+0	1.89030E+4	2.74370E+4	-3.72572E-1
8.97050E+3	2.02087E+1	1.00000E+0	1.89330E+4	2.74480E+4	-3.71387E-1
8.97080E+3	2.02080E+1	1.00000E+0	1.89410E+4	2.74440E+4	-3.70819E-1
8.97110E+3	2.02073E+1	1.00000E+0	1.89620E+4	2.74390E+4	-3.69528E-1
8.97140E+3	2.02066E+1	1.00000E+0	1.89630E+4	2.74340E+4	-3.69293E-1
8.97170E+3	2.02059E+1	1.00000E+0	1.89690E+4	2.74130E+4	-3.68211E-1
8.97199E+3	2.02052E+1	1.00000E+0	1.89780E+4	2.73760E+4	-3.66386E-1
8.97229E+3	2.02045E+1	1.00000E+0	1.89720E+4	2.73350E+4	-3.65204E-1
8.97259E+3	2.02038E+1	1.00000E+0	1.89780E+4	2.72990E+4	-3.63570E-1
8.97289E+3	2.02031E+1	1.00000E+0	1.89700E+4	2.72390E+4	-3.61791E-1
8.97318E+3	2.02024E+1	1.00000E+0	1.89710E+4	2.71880E+4	-3.59864E-1
8.97348E+3	2.02017E+1	1.00000E+0	1.89610E+4	2.71090E+4	-3.57482E-1
8.97378E+3	2.02010E+1	1.00000E+0	1.89560E+4	2.70300E+4	-3.54827E-1
8.97412E+3	2.02002E+1	1.00000E+0	1.89430E+4	2.69170E+4	-3.51324E-1
8.97442E+3	2.01995E+1	1.00000E+0	1.89330E+4	2.68160E+4	-3.48092E-1
8.97472E+3	2.01988E+1	1.00000E+0	1.89250E+4	2.66770E+4	-3.43318E-1
8.97502E+3	2.01981E+1	1.00000E+0	1.89240E+4	2.65400E+4	-3.38222E-1
8.97531E+3	2.01974E+1	1.00000E+0	1.89080E+4	2.63640E+4	-3.32414E-1
8.97561E+3	2.01967E+1	1.00000E+0	1.89040E+4	2.61570E+4	-3.24743E-1
8.97591E+3	2.01960E+1	1.00000E+0	1.89040E+4	2.59110E+4	-3.15294E-1
8.97621E+3	2.01953E+1	1.00000E+0	1.88940E+4	2.56140E+4	-3.04295E-1
8.97651E+3	2.01946E+1	1.00000E+0	1.88810E+4	2.52230E+4	-2.89600E-1
8.97680E+3	2.01939E+1	1.00000E+0	1.88760E+4	2.47850E+4	-2.72347E-1
8.97710E+3	2.01932E+1	1.00000E+0	1.88730E+4	2.42380E+4	-2.50189E-1
8.97740E+3	2.01925E+1	1.00000E+0	1.88660E+4	2.35680E+4	-2.22528E-1
8.97770E+3	2.01918E+1	1.00000E+0	1.88540E+4	2.27600E+4	-1.88280E-1
8.97800E+3	2.01911E+1	1.00000E+0	1.88520E+4	2.17890E+4	-1.44786E-1
8.97829E+3	2.01904E+1	1.00000E+0	1.88420E+4	2.06780E+4	-9.29819E-2
8.97859E+3	2.01897E+1	1.00000E+0	1.88340E+4	1.94660E+4	-3.30056E-2
8.97889E+3	2.01890E+1	1.00000E+0	1.88280E+4	1.82160E+4	3.30448E-2
8.97919E+3	2.01883E+1	1.00000E+0	1.88160E+4	1.70080E+4	1.01024E-1
8.97949E+3	2.01876E+1	1.00000E+0	1.88110E+4	1.58410E+4	1.71840E-1
8.97979E+3	2.01869E+1	1.00000E+0	1.88020E+4	1.48060E+4	2.38931E-1
8.98009E+3	2.01862E+1	1.00000E+0	1.88010E+4	1.39190E+4	3.00655E-1
8.98038E+3	2.01855E+1	1.00000E+0	1.87960E+4	1.32130E+4	3.52443E-1
8.98068E+3	2.01848E+1	1.00000E+0	1.87840E+4	1.27020E+4	3.91246E-1
8.98098E+3	2.01841E+1	1.00000E+0	1.87740E+4	1.23360E+4	4.19951E-1
8.98128E+3	2.01834E+1	1.00000E+0	1.87760E+4	1.21200E+4	4.37722E-1
8.98162E+3	2.01826E+1	1.00000E+0	1.87690E+4	1.20060E+4	4.46800E-1
8.98192E+3	2.01819E+1	1.00000E+0	1.87570E+4	1.19900E+4	4.47494E-1
8.98222E+3	2.01812E+1	1.00000E+0	1.87480E+4	1.20210E+4	4.44432E-1
8.98252E+3	2.01805E+1	1.00000E+0	1.87500E+4	1.20680E+4	4.40636E-1
8.98281E+3	2.01798E+1	1.00000E+0	1.87350E+4	1.21010E+4	4.37105E-1
8.98311E+3	2.01791E+1	1.00000E+0	1.87270E+4	1.20950E+4	4.37174E-1
8.98341E+3	2.01784E+1	1.00000E+0	1.87260E+4	1.20280E+4	4.42676E-1
8.98371E+3	2.01777E+1	1.00000E+0	1.87120E+4	1.19060E+4	4.52123E-1
8.98405E+3	2.01769E+1	1.00000E+0	1.87060E+4	1.17200E+4	4.67548E-1
8.98431E+3	2.01763E+1	1.00000E+0	1.87020E+4	1.15140E+4	4.85067E-1
8.98461E+3	2.01756E+1	1.00000E+0	1.86910E+4	1.12760E+4	5.05366E-1
8.98491E+3	2.01749E+1	1.00000E+0	1.86910E+4	1.10310E+4	5.27333E-1
8.98520E+3	2.01742E+1	1.00000E+0	1.86860E+4	1.08010E+4	5.48136E-1
8.98550E+3	2.01735E+1	1.00000E+0	1.86650E+4	1.05860E+4	5.67118E-1
8.98580E+3	2.01728E+1	1.00000E+0	1.86560E+4	1.03720E+4	5.87058E-1
8.98610E+3	2.01721E+1	1.00000E+0	1.86590E+4	1.01520E+4	6.08658E-1
8.98640E+3	2.01714E+1	1.00000E+0	1.86470E+4	9.94500E+3	6.28615E-1
8.98670E+3	2.01707E+1	1.00000E+0	1.86420E+4	9.72300E+3	6.50923E-1
8.98700E+3	2.01700E+1	1.00000E+0	1.86310E+4	9.48300E+3	6.75326E-1
8.98730E+3	2.01693E+1	1.00000E+0	1.86270E+4	9.24200E+3	7.00854E-1
8.98759E+3	2.01686E+1	1.00000E+0	1.86180E+4	8.98800E+3	7.28239E-1
8.98789E+3	2.01679E+1	1.00000E+0	1.86130E+4	8.73000E+3	7.57095E-1
8.98819E+3	2.01672E+1	1.00000E+0	1.86070E+4	8.44800E+3	7.89608E-1
8.98849E+3	2.01665E+1	1.00000E+0	1.86030E+4	8.15800E+3	8.24324E-1
8.98879E+3	2.01658E+1	1.00000E+0	1.85990E+4	7.86900E+3	8.60177E-1
8.98909E+3	2.01651E+1	1.00000E+0	1.85850E+4	7.56600E+3	8.98690E-1
8.98939E+3	2.01644E+1	1.00000E+0	1.85830E+4	7.25100E+3	9.41108E-1
8.98969E+3	2.01637E+1	1.00000E+0	1.85730E+4	6.94200E+3	9.84119E-1
8.98999E+3	2.01630E+1	1.00000E+0	1.85640E+4	6.62600E+3	1.03022E+0
8.99029E+3	2.01623E+1	1.00000E+0	1.85620E+4	6.32200E+3	1.07708E+0
8.99059E+3	2.01616E+1	1.00000E+0	1.85480E+4	6.01800E+3	1.12561E+0
8.99088E+3	2.01609E+1	1.00000E+0	1.85430E+4	5.73200E+3	1.17403E+0
8.99118E+3	2.01602E+1	1.00000E+0	1.85370E+4	5.46700E+3	1.22104E+0
8.99148E+3	2.01595E+1	1.00000E+0	1.85340E+4	5.22700E+3	1.26577E+0
8.99178E+3	2.01588E+1	1.00000E+0	1.85200E+4	5.01800E+3	1.30582E+0
8.99208E+3	2.01581E+1	1.00000E+0	1.85130E+4	4.83000E+3	1.34363E+0
8.99238E+3	2.01574E+1	1.00000E+0	1.85030E+4	4.67900E+3	1.37485E+0
8.99268E+3	2.01567E+1	1.00000E+0	1.85030E+4	4.55600E+3	1.40149E+0
8.99298E+3	2.01560E+1	1.00000E+0	1.84960E+4	4.47300E+3	1.41950E+0
8.99332E+3	2.01552E+1	1.00000E+0	1.84840E+4	4.40600E+3	1.43394E+0
8.99362E+3	2.01545E+1	1.00000E+0	1.84790E+4	4.38200E+3	1.43913E+0
8.99392E+3	2.01538E+1	1.00000E+0	1.84800E+4	4.37900E+3	1.43987E+0
8.99422E+3	2.01531E+1	1.00000E+0	1.84670E+4	4.40400E+3	1.43347E+0
8.99452E+3	2.01524E+1	1.00000E+0	1.84580E+4	4.44100E+3	1.42462E+0
8.99482E+3	2.01517E+1	1.00000E+0	1.84490E+4	4.49200E+3	1.41271E+0
8.99512E+3	2.01510E+1	1.00000E+0	1.84500E+4	4.54700E+3	1.40060E+0
8.99542E+3	2.01503E+1	1.00000E+0	1.84400E+4	4.61500E+3	1.38521E+0
8.99572E+3	2.01496E+1	1.00000E+0	1.84350E+4	4.68200E+3	1.37053E+0
8.99602E+3	2.01489E+1	1.00000E+0	1.84230E+4	4.75100E+3	1.35524E+0
8.99632E+3	2.01482E+1	1.00000E+0	1.84190E+4	4.81900E+3	1.34082E+0
8.99662E+3	2.01475E+1	1.00000E+0	1.84170E+4	4.88200E+3	1.32772E+0
8.99691E+3	2.01468E+1	1.00000E+0	1.84120E+4	4.94000E+3	1.31564E+0
8.99721E+3	2.01461E+1	1.00000E+0	1.84060E+4	4.99400E+3	1.30444E+0
8.99751E+3	2.01454E+1	1.00000E+0	1.83920E+4	5.04000E+3	1.29451E+0
8.99781E+3	2.01447E+1	1.00000E+0	1.83870E+4	5.08000E+3	1.28633E+0
8.99811E+3	2.01440E+1	1.00000E+0	1.83890E+4	5.10600E+3	1.28134E+0
8.99841E+3	2.01433E+1	1.00000E+0	1.83770E+4	5.12200E+3	1.27755E+0
8.99871E+3	2.01426E+1	1.00000E+0	1.83750E+4	5.11900E+3	1.27803E+0
8.99901E+3	2.01419E+1	1.00000E+0	1.83730E+4	5.10000E+3	1.28164E+0
8.99931E+3	2.01412E+1	1.00000E+0	1.83590E+4	5.06500E+3	1.28777E+0
9.00000E+3	2.01396E+1	1.00000E+0	1.83470E+4	4.91600E+3	1.31697E+0
9.00077E+3	2.01378E+1	1.00000E+0	1.83290E+4	4.68600E+3	1.36391E+0
9.00145E+3	2.01362E+1	1.00000E+0	1.83110E+4	4.45200E+3	1.41415E+0
9.00223E+3	2.01344E+1	1.00000E+0	1.82990E+4	4.27600E+3	1.45383E+0
9.00295E+3	2.01327E+1	1.00000E+0	1.82820E+4	4.21000E+3	1.46845E+0
9.00373E+3	2.01309E+1	1.00000E+0	1.82620E+4	4.25400E+3	1.45696E+0
9.00450E+3	2.01291E+1	1.00000E+0	1.82480E+4	4.37400E+3	1.42838E+0
9.00527E+3	2.01273E+1	1.00000E+0	1.82310E+4	4.53100E+3	1.39218E+0
9.00608E+3	2.01254E+1	1.00000E+0	1.82190E+4	4.71200E+3	1.35235E+0
9.00690E+3	2.01235E+1	1.00000E+0	1.82030E+4	4.87700E+3	1.31706E+0
9.00771E+3	2.01216E+1	1.00000E+0	1.81880E+4	5.02500E+3	1.28634E+0
9.00853E+3	2.01197E+1	1.00000E+0	1.81700E+4	5.17200E+3	1.25651E+0
9.00939E+3	2.01177E+1	1.00000E+0	1.81550E+4	5.31900E+3	1.22766E+0
9.01025E+3	2.01157E+1	1.00000E+0	1.81330E+4	5.43300E+3	1.20524E+0
9.01115E+3	2.01136E+1	1.00000E+0	1.81170E+4	5.48800E+3	1.19429E+0
9.01201E+3	2.01116E+1	1.00000E+0	1.81000E+4	5.49000E+3	1.19298E+0
9.01291E+3	2.01095E+1	1.00000E+0	1.80850E+4	5.46400E+3	1.19690E+0
9.01381E+3	2.01074E+1	1.00000E+0	1.80690E+4	5.41900E+3	1.20429E+0
9.01476E+3	2.01052E+1	1.00000E+0	1.80530E+4	5.35100E+3	1.21603E+0
9.01570E+3	2.01030E+1	1.00000E+0	1.80400E+4	5.26400E+3	1.23170E+0
9.01665E+3	2.01008E+1	1.00000E+0	1.80100E+4	5.13800E+3	1.25426E+0
9.01760E+3	2.00986E+1	1.00000E+0	1.79930E+4	4.99700E+3	1.28115E+0
9.01859E+3	2.00963E+1	1.00000E+0	1.79710E+4	4.83900E+3	1.31205E+0
9.01953E+3	2.00941E+1	1.00000E+0	1.79520E+4	4.69200E+3	1.34184E+0
9.02052E+3	2.00918E+1	1.00000E+0	1.79320E+4	4.56700E+3	1.36773E+0
9.02155E+3	2.00894E+1	1.00000E+0	1.79140E+4	4.44600E+3	1.39358E+0
9.02259E+3	2.00870E+1	1.00000E+0	1.78940E+4	4.33900E+3	1.41682E+0
9.02358E+3	2.00847E+1	1.00000E+0	1.78720E+4	4.24100E+3	1.43844E+0
9.02466E+3	2.00822E+1	1.00000E+0	1.78550E+4	4.15700E+3	1.45749E+0
9.02569E+3	2.00798E+1	1.00000E+0	1.78340E+4	4.11400E+3	1.46671E+0
9.02677E+3	2.00773E+1	1.00000E+0	1.78120E+4	4.14100E+3	1.45894E+0
9.02784E+3	2.00748E+1	1.00000E+0	1.77920E+4	4.22800E+3	1.43702E+0
9.02892E+3	2.00723E+1	1.00000E+0	1.77750E+4	4.34700E+3	1.40831E+0
9.03004E+3	2.00697E+1	1.00000E+0	1.77500E+4	4.48000E+3	1.37676E+0
9.03117E+3	2.00671E+1	1.00000E+0	1.77280E+4	4.62000E+3	1.34475E+0
9.03229E+3	2.00645E+1	1.00000E+0	1.77040E+4	4.75100E+3	1.31544E+0
9.03341E+3	2.00619E+1	1.00000E+0	1.76880E+4	4.86800E+3	1.29020E+0
9.03458E+3	2.00592E+1	1.00000E+0	1.76650E+4	4.96100E+3	1.26998E+0
9.03574E+3	2.00565E+1	1.00000E+0	1.76420E+4	5.01100E+3	1.25865E+0
9.03695E+3	2.00537E+1	1.00000E+0	1.76090E+4	5.02900E+3	1.25319E+0
9.03812E+3	2.00510E+1	1.00000E+0	1.75940E+4	5.01000E+3	1.25612E+0
9.03933E+3	2.00482E+1	1.00000E+0	1.75680E+4	4.97800E+3	1.26105E+0
9.04054E+3	2.00454E+1	1.00000E+0	1.75450E+4	4.93100E+3	1.26923E+0
9.04175E+3	2.00426E+1	1.00000E+0	1.75260E+4	4.88500E+3	1.27752E+0
9.04301E+3	2.00397E+1	1.00000E+0	1.74930E+4	4.85600E+3	1.28159E+0
9.04426E+3	2.00368E+1	1.00000E+0	1.74740E+4	4.85900E+3	1.27988E+0
9.04552E+3	2.00339E+1	1.00000E+0	1.74470E+4	4.87100E+3	1.27587E+0
9.04677E+3	2.00310E+1	1.00000E+0	1.74280E+4	4.86500E+3	1.27601E+0
9.04807E+3	2.00280E+1	1.00000E+0	1.73960E+4	4.83600E+3	1.28015E+0
9.04937E+3	2.00250E+1	1.00000E+0	1.73800E+4	4.78100E+3	1.29067E+0
9.05067E+3	2.00220E+1	1.00000E+0	1.73410E+4	4.72500E+3	1.30021E+0
9.05202E+3	2.00189E+1	1.00000E+0	1.73180E+4	4.68500E+3	1.30738E+0
9.05336E+3	2.00158E+1	1.00000E+0	1.72960E+4	4.67300E+3	1.30867E+0
9.05470E+3	2.00127E+1	1.00000E+0	1.72650E+4	4.66500E+3	1.30859E+0
9.05609E+3	2.00095E+1	1.00000E+0	1.72460E+4	4.64200E+3	1.31243E+0
9.05744E+3	2.00064E+1	1.00000E+0	1.72230E+4	4.59800E+3	1.32062E+0
9.05879E+3	2.00033E+1	1.00000E+0	1.71970E+4	4.53400E+3	1.33313E+0
9.06026E+3	1.99999E+1	1.00000E+0	1.71610E+4	4.45400E+3	1.34884E+0
9.06161E+3	1.99968E+1	1.00000E+0	1.71380E+4	4.39100E+3	1.36174E+0
9.06309E+3	1.99934E+1	1.00000E+0	1.71130E+4	4.34000E+3	1.37196E+0
9.06452E+3	1.99901E+1	1.00000E+0	1.70810E+4	4.29800E+3	1.37982E+0
9.06596E+3	1.99868E+1	1.00000E+0	1.70570E+4	4.25300E+3	1.38894E+0
9.06739E+3	1.99835E+1	1.00000E+0	1.70360E+4	4.20300E+3	1.39953E+0
9.06887E+3	1.99801E+1	1.00000E+0	1.70080E+4	4.13400E+3	1.41444E+0
9.07035E+3	1.99767E+1	1.00000E+0	1.69810E+4	4.06500E+3	1.42968E+0
9.07183E+3	1.99733E+1	1.00000E+0	1.69430E+4	4.01900E+3	1.43882E+0
9.07332E+3	1.99699E+1	1.00000E+0	1.69200E+4	4.00900E+3	1.43995E+0
9.07484E+3	1.99664E+1	1.00000E+0	1.68880E+4	4.02800E+3	1.43333E+0
9.07637E+3	1.99629E+1	1.00000E+0	1.68510E+4	4.09000E+3	1.41587E+0
9.07789E+3	1.99594E+1	1.00000E+0	1.68010E+4	4.17800E+3	1.39161E+0
9.07947E+3	1.99558E+1	1.00000E+0	1.66210E+4	4.25700E+3	1.36210E+0
9.08104E+3	1.99522E+1	1.00000E+0	1.67900E+4	4.41500E+3	1.33578E+0
9.08261E+3	1.99486E+1	1.00000E+0	1.67720E+4	4.50700E+3	1.31408E+0
9.08418E+3	1.99450E+1	1.00000E+0	1.67380E+4	4.58300E+3	1.29533E+0
9.08580E+3	1.99413E+1	1.00000E+0	1.67020E+4	4.66400E+3	1.27566E+0
9.08742E+3	1.99376E+1	1.00000E+0	1.66720E+4	4.72200E+3	1.26150E+0
9.08908E+3	1.99338E+1	1.00000E+0	1.66400E+4	4.75500E+3	1.25261E+0
9.09070E+3	1.99301E+1	1.00000E+0	1.66100E+4	4.79200E+3	1.24306E+0
9.09232E+3	1.99264E+1	1.00000E+0	1.65820E+4	4.85100E+3	1.22913E+0
9.09398E+3	1.99226E+1	1.00000E+0	1.65490E+4	4.94300E+3	1.20835E+0
9.09569E+3	1.99187E+1	1.00000E+0	1.65160E+4	5.05200E+3	1.18455E+0
9.09735E+3	1.99149E+1	1.00000E+0	1.64820E+4	5.13100E+3	1.16697E+0
9.09906E+3	1.99110E+1	1.00000E+0	1.64450E+4	5.16500E+3	1.15812E+0
9.10077E+3	1.99071E+1	1.00000E+0	1.64220E+4	5.14900E+3	1.15982E+0
9.10248E+3	1.99032E+1	1.00000E+0	1.63970E+4	5.09400E+3	1.16904E+0
9.10428E+3	1.98991E+1	1.00000E+0	1.63540E+4	4.99200E+3	1.18664E+0
9.10604E+3	1.98951E+1	1.00000E+0	1.63110E+4	4.87700E+3	1.20731E+0
9.10780E+3	1.98911E+1	1.00000E+0	1.62800E+4	4.76600E+3	1.22843E+0
9.10951E+3	1.98872E+1	1.00000E+0	1.62500E+4	4.68100E+3	1.24458E+0
9.11131E+3	1.98831E+1	1.00000E+0	1.62040E+4	4.60500E+3	1.25812E+0
9.11312E+3	1.98790E+1	1.00000E+0	1.60580E+4	4.52000E+3	1.26770E+0
9.11492E+3	1.98749E+1	1.00000E+0	1.61530E+4	4.53200E+3	1.27094E+0
9.11672E+3	1.98708E+1	1.00000E+0	1.61510E+4	4.53200E+3	1.27082E+0
9.11857E+3	1.98666E+1	1.00000E+0	1.61200E+4	4.52900E+3	1.26956E+0
9.12042E+3	1.98624E+1	1.00000E+0	1.60790E+4	4.51400E+3	1.27033E+0
9.12227E+3	1.98582E+1	1.00000E+0	1.60400E+4	4.46100E+3	1.27971E+0
9.12413E+3	1.98540E+1	1.00000E+0	1.60140E+4	4.35700E+3	1.30168E+0
9.12607E+3	1.98496E+1	1.00000E+0	1.59800E+4	4.22300E+3	1.33079E+0
9.12792E+3	1.98454E+1	1.00000E+0	1.59420E+4	4.08600E+3	1.36139E+0
9.12986E+3	1.98410E+1	1.00000E+0	1.59130E+4	3.96200E+3	1.39039E+0
9.13181E+3	1.98366E+1	1.00000E+0	1.58760E+4	3.88300E+3	1.40820E+0
9.13371E+3	1.98323E+1	1.00000E+0	1.58400E+4	3.87000E+3	1.40928E+0
9.13565E+3	1.98279E+1	1.00000E+0	1.58050E+4	3.88500E+3	1.40320E+0
9.13760E+3	1.98235E+1	1.00000E+0	1.57680E+4	3.91800E+3	1.39240E+0
9.13955E+3	1.98191E+1	1.00000E+0	1.57310E+4	3.96600E+3	1.37788E+0
9.14154E+3	1.98146E+1	1.00000E+0	1.55720E+4	4.00800E+3	1.35718E+0
9.14353E+3	1.98101E+1	1.00000E+0	1.56680E+4	4.12800E+3	1.33383E+0
9.14553E+3	1.98056E+1	1.00000E+0	1.56520E+4	4.23400E+3	1.30745E+0
9.14752E+3	1.98011E+1	1.00000E+0	1.56180E+4	4.37300E+3	1.27297E+0
9.14961E+3	1.97964E+1	1.00000E+0	1.55740E+4	4.53900E+3	1.23290E+0
9.15165E+3	1.97918E+1	1.00000E+0	1.55390E+4	4.70500E+3	1.19473E+0
9.15369E+3	1.97872E+1	1.00000E+0	1.55060E+4	4.85800E+3	1.16060E+0
9.15573E+3	1.97826E+1	1.00000E+0	1.54720E+4	5.01800E+3	1.12600E+0
9.15786E+3	1.97778E+1	1.00000E+0	1.54320E+4	5.15400E+3	1.09667E+0
9.15991E+3	1.97732E+1	1.00000E+0	1.53970E+4	5.22200E+3	1.08129E+0
9.16200E+3	1.97685E+1	1.00000E+0	1.53630E+4	5.21400E+3	1.08061E+0
9.16409E+3	1.97638E+1	1.00000E+0	1.53300E+4	5.13900E+3	1.09295E+0
9.16627E+3	1.97589E+1	1.00000E+0	1.52860E+4	5.00100E+3	1.11730E+0
9.16837E+3	1.97542E+1	1.00000E+0	1.52490E+4	4.83300E+3	1.14905E+0
9.17055E+3	1.97493E+1	1.00000E+0	1.52150E+4	4.69400E+3	1.17600E+0
9.17269E+3	1.97445E+1	1.00000E+0	1.51830E+4	4.57900E+3	1.19870E+0
9.17488E+3	1.97396E+1	1.00000E+0	1.51380E+4	4.50000E+3	1.21313E+0
9.17707E+3	1.97347E+1	1.00000E+0	1.51060E+4	4.45400E+3	1.22129E+0
9.17925E+3	1.97298E+1	1.00000E+0	1.50750E+4	4.44700E+3	1.22081E+0
9.18144E+3	1.97249E+1	1.00000E+0	1.50360E+4	4.44900E+3	1.21777E+0
9.18368E+3	1.97199E+1	1.00000E+0	1.49970E+4	4.46900E+3	1.21069E+0
9.18591E+3	1.97149E+1	1.00000E+0	1.49550E+4	4.48000E+3	1.20542E+0
9.18815E+3	1.97099E+1	1.00000E+0	1.49220E+4	4.48400E+3	1.20232E+0
9.19044E+3	1.97048E+1	1.00000E+0	1.48900E+4	4.48300E+3	1.20040E+0
9.19272E+3	1.96997E+1	1.00000E+0	1.48550E+4	4.49700E+3	1.19493E+0
9.19501E+3	1.96946E+1	1.00000E+0	1.48130E+4	4.51400E+3	1.18832E+0
9.19729E+3	1.96895E+1	1.00000E+0	1.47720E+4	4.53300E+3	1.18135E+0
9.19958E+3	1.96844E+1	1.00000E+0	1.47410E+4	4.52600E+3	1.18079E+0
9.20192E+3	1.96792E+1	1.00000E+0	1.47030E+4	4.47900E+3	1.18865E+0
9.20430E+3	1.96739E+1	1.00000E+0	1.46620E+4	4.38800E+3	1.20639E+0
9.20659E+3	1.96688E+1	1.00000E+0	1.46200E+4	4.29300E+3	1.22540E+0
9.20902E+3	1.96634E+1	1.00000E+0	1.45910E+4	4.21500E+3	1.24176E+0
9.21131E+3	1.96583E+1	1.00000E+0	1.45460E+4	4.17700E+3	1.24772E+0
9.21374E+3	1.96529E+1	1.00000E+0	1.45100E+4	4.16700E+3	1.24764E+0
9.21613E+3	1.96476E+1	1.00000E+0	1.44770E+4	4.17400E+3	1.24369E+0
9.21856E+3	1.96422E+1	1.00000E+0	1.44360E+4	4.19700E+3	1.23536E+0
9.22095E+3	1.96369E+1	1.00000E+0	1.44020E+4	4.24100E+3	1.22257E+0
9.22339E+3	1.96315E+1	1.00000E+0	1.43640E+4	4.29900E+3	1.20634E+0
9.22578E+3	1.96262E+1	1.00000E+0	1.43200E+4	4.37200E+3	1.18644E+0
9.22827E+3	1.96207E+1	1.00000E+0	1.42710E+4	4.46500E+3	1.16196E+0
9.23075E+3	1.96152E+1	1.00000E+0	1.41610E+4	4.54100E+3	1.13734E+0
9.23319E+3	1.96098E+1	1.00000E+0	1.42120E+4	4.65800E+3	1.11550E+0
9.23568E+3	1.96043E+1	1.00000E+0	1.41870E+4	4.72700E+3	1.09904E+0
9.23822E+3	1.95987E+1	1.00000E+0	1.41370E+4	4.78500E+3	1.08331E+0
9.24075E+3	1.95931E+1	1.00000E+0	1.41070E+4	4.81200E+3	1.07556E+0
9.24325E+3	1.95876E+1	1.00000E+0	1.40710E+4	4.80500E+3	1.07446E+0
9.24579E+3	1.95820E+1	1.00000E+0	1.40290E+4	4.78500E+3	1.07564E+0
9.24837E+3	1.95763E+1	1.00000E+0	1.39860E+4	4.76200E+3	1.07739E+0
9.25092E+3	1.95707E+1	1.00000E+0	1.39540E+4	4.74600E+3	1.07846E+0
9.25346E+3	1.95651E+1	1.00000E+0	1.39170E+4	4.73900E+3	1.07728E+0
9.25605E+3	1.95594E+1	1.00000E+0	1.38840E+4	4.72200E+3	1.07850E+0
9.25873E+3	1.95535E+1	1.00000E+0	1.38450E+4	4.69700E+3	1.08100E+0
9.26128E+3	1.95479E+1	1.00000E+0	1.37960E+4	4.68900E+3	1.07916E+0
9.26397E+3	1.95420E+1	1.00000E+0	1.37630E+4	4.66600E+3	1.08168E+0
9.26661E+3	1.95362E+1	1.00000E+0	1.37250E+4	4.63700E+3	1.08515E+0
9.26926E+3	1.95304E+1	1.00000E+0	1.36840E+4	4.60400E+3	1.08930E+0
9.27190E+3	1.95246E+1	1.00000E+0	1.36530E+4	4.57200E+3	1.09401E+0
9.27460E+3	1.95187E+1	1.00000E+0	1.36090E+4	4.54600E+3	1.09648E+0
9.27725E+3	1.95129E+1	1.00000E+0	1.35680E+4	4.52000E+3	1.09920E+0
9.27994E+3	1.95070E+1	1.00000E+0	1.35270E+4	4.50700E+3	1.09906E+0
9.28269E+3	1.95010E+1	1.00000E+0	1.34860E+4	4.48600E+3	1.10069E+0
9.28539E+3	1.94951E+1	1.00000E+0	1.34500E+4	4.47200E+3	1.10114E+0
9.28813E+3	1.94891E+1	1.00000E+0	1.34150E+4	4.45600E+3	1.10212E+0
9.29088E+3	1.94831E+1	1.00000E+0	1.33730E+4	4.44100E+3	1.10236E+0
9.29363E+3	1.94771E+1	1.00000E+0	1.33280E+4	4.42500E+3	1.10260E+0
9.29643E+3	1.94710E+1	1.00000E+0	1.32820E+4	4.41300E+3	1.10186E+0
9.29919E+3	1.94650E+1	1.00000E+0	1.32470E+4	4.40400E+3	1.10126E+0
9.30199E+3	1.94589E+1	1.00000E+0	1.31980E+4	4.40600E+3	1.09710E+0
9.30479E+3	1.94528E+1	1.00000E+0	1.31170E+4	4.41400E+3	1.08913E+0
9.30760E+3	1.94467E+1	1.00000E+0	1.30980E+4	4.44500E+3	1.08068E+0
9.31045E+3	1.94405E+1	1.00000E+0	1.31260E+4	4.50000E+3	1.07052E+0
9.31326E+3	1.94344E+1	1.00000E+0	1.30680E+4	4.53200E+3	1.05900E+0
9.31612E+3	1.94282E+1	1.00000E+0	1.30290E+4	4.56500E+3	1.04876E+0
9.31898E+3	1.94220E+1	1.00000E+0	1.29840E+4	4.59000E+3	1.03984E+0
9.32189E+3	1.94157E+1	1.00000E+0	1.29390E+4	4.61500E+3	1.03093E+0
9.32475E+3	1.94095E+1	1.00000E+0	1.29000E+4	4.62400E+3	1.02597E+0
9.32766E+3	1.94032E+1	1.00000E+0	1.28630E+4	4.62100E+3	1.02374E+0
9.33062E+3	1.93968E+1	1.00000E+0	1.28110E+4	4.62000E+3	1.01991E+0
9.33353E+3	1.93905E+1	1.00000E+0	1.27770E+4	4.62300E+3	1.01660E+0
9.33645E+3	1.93842E+1	1.00000E+0	1.27300E+4	4.63500E+3	1.01033E+0
9.33942E+3	1.93778E+1	1.00000E+0	1.26950E+4	4.66400E+3	1.00133E+0
9.34238E+3	1.93714E+1	1.00000E+0	1.26500E+4	4.69500E+3	9.91159E-1
9.34535E+3	1.93650E+1	1.00000E+0	1.26120E+4	4.71300E+3	9.84324E-1
9.34837E+3	1.93585E+1	1.00000E+0	1.25680E+4	4.71500E+3	9.80405E-1
9.35134E+3	1.93521E+1	1.00000E+0	1.25290E+4	4.70400E+3	9.79633E-1
9.35441E+3	1.93455E+1	1.00000E+0	1.24950E+4	4.68800E+3	9.80323E-1
9.35739E+3	1.93391E+1	1.00000E+0	1.24490E+4	4.67900E+3	9.78556E-1
9.36051E+3	1.93324E+1	1.00000E+0	1.24090E+4	4.67200E+3	9.76835E-1
9.36353E+3	1.93259E+1	1.00000E+0	1.23710E+4	4.65700E+3	9.76984E-1
9.36661E+3	1.93193E+1	1.00000E+0	1.23320E+4	4.64200E+3	9.77052E-1
9.36964E+3	1.93128E+1	1.00000E+0	1.22860E+4	4.63100E+3	9.75688E-1
9.37277E+3	1.93061E+1	1.00000E+0	1.22480E+4	4.61800E+3	9.75401E-1
9.37585E+3	1.92995E+1	1.00000E+0	1.22140E+4	4.59700E+3	9.77179E-1
9.37894E+3	1.92929E+1	1.00000E+0	1.21740E+4	4.58200E+3	9.77167E-1
9.38212E+3	1.92861E+1	1.00000E+0	1.21250E+4	4.57300E+3	9.75100E-1
9.38521E+3	1.92795E+1	1.00000E+0	1.20880E+4	4.55900E+3	9.75110E-1
9.38835E+3	1.92728E+1	1.00000E+0	1.20400E+4	4.54800E+3	9.73547E-1
9.39154E+3	1.92660E+1	1.00000E+0	1.20020E+4	4.54000E+3	9.72146E-1
9.39468E+3	1.92593E+1	1.00000E+0	1.19600E+4	4.53200E+3	9.70404E-1
9.39787E+3	1.92525E+1	1.00000E+0	1.19120E+4	4.52400E+3	9.68150E-1
9.40111E+3	1.92456E+1	1.00000E+0	1.18830E+4	4.52300E+3	9.65933E-1
9.40426E+3	1.92389E+1	1.00000E+0	1.18360E+4	4.52500E+3	9.61528E-1
9.40756E+3	1.92319E+1	1.00000E+0	1.17860E+4	4.53500E+3	9.55087E-1
9.41076E+3	1.92251E+1	1.00000E+0	1.17520E+4	4.54200E+3	9.50656E-1
9.41401E+3	1.92182E+1	1.00000E+0	1.17040E+4	4.56000E+3	9.42608E-1
9.41731E+3	1.92112E+1	1.00000E+0	1.16600E+4	4.58000E+3	9.34465E-1
9.42052E+3	1.92044E+1	1.00000E+0	1.16180E+4	4.59500E+3	9.27587E-1
9.42387E+3	1.91973E+1	1.00000E+0	1.15600E+4	4.60200E+3	9.21060E-1
9.42708E+3	1.91905E+1	1.00000E+0	1.15010E+4	4.59900E+3	9.16595E-1
9.43044E+3	1.91834E+1	1.00000E+0	1.14080E+4	4.57700E+3	9.13271E-1
9.43380E+3	1.91763E+1	1.00000E+0	1.09760E+4	4.41900E+3	9.09798E-1
9.43712E+3	1.91693E+1	1.00000E+0	1.08460E+4	4.38300E+3	9.06063E-1
9.44044E+3	1.91623E+1	1.00000E+0	1.15290E+4	4.66500E+3	9.04778E-1
9.44380E+3	1.91552E+1	1.00000E+0	1.14510E+4	4.65400E+3	9.00350E-1
9.44717E+3	1.91481E+1	1.00000E+0	1.13930E+4	4.65100E+3	8.95917E-1
9.45050E+3	1.91411E+1	1.00000E+0	1.13360E+4	4.65500E+3	8.90042E-1
9.45392E+3	1.91339E+1	1.00000E+0	1.12830E+4	4.66100E+3	8.84067E-1
9.45735E+3	1.91267E+1	1.00000E+0	1.12390E+4	4.66700E+3	8.78873E-1
9.46078E+3	1.91195E+1	1.00000E+0	1.12000E+4	4.67100E+3	8.74541E-1
9.46421E+3	1.91123E+1	1.00000E+0	1.11510E+4	4.66500E+3	8.71441E-1
9.46759E+3	1.91052E+1	1.00000E+0	1.11110E+4	4.66500E+3	8.67848E-1
9.47108E+3	1.90979E+1	1.00000E+0	1.10630E+4	4.66100E+3	8.64376E-1
9.47451E+3	1.90907E+1	1.00000E+0	1.10210E+4	4.66100E+3	8.60573E-1
9.47800E+3	1.90834E+1	1.00000E+0	1.09840E+4	4.66100E+3	8.57210E-1
9.48154E+3	1.90760E+1	1.00000E+0	1.09420E+4	4.65300E+3	8.55096E-1
9.48504E+3	1.90687E+1	1.00000E+0	1.09030E+4	4.64800E+3	8.52601E-1
9.48854E+3	1.90614E+1	1.00000E+0	1.08610E+4	4.63700E+3	8.51111E-1
9.49204E+3	1.90541E+1	1.00000E+0	1.08170E+4	4.62500E+3	8.49643E-1
9.49559E+3	1.90467E+1	1.00000E+0	1.07810E+4	4.61600E+3	8.48257E-1
9.49914E+3	1.90393E+1	1.00000E+0	1.07450E+4	4.60400E+3	8.47515E-1
9.50270E+3	1.90319E+1	1.00000E+0	1.06970E+4	4.59300E+3	8.45430E-1
9.50635E+3	1.90243E+1	1.00000E+0	1.06500E+4	4.58200E+3	8.43424E-1
9.50991E+3	1.90169E+1	1.00000E+0	1.06000E+4	4.57100E+3	8.41122E-1
9.51348E+3	1.90095E+1	1.00000E+0	1.05640E+4	4.56500E+3	8.39033E-1
9.51710E+3	1.90020E+1	1.00000E+0	1.05290E+4	4.56300E+3	8.36153E-1
9.52071E+3	1.89945E+1	1.00000E+0	1.04810E+4	4.56500E+3	8.31146E-1
9.52434E+3	1.89870E+1	1.00000E+0	1.04410E+4	4.57000E+3	8.26227E-1
9.52801E+3	1.89794E+1	1.00000E+0	1.04060E+4	4.58000E+3	8.20684E-1
9.53164E+3	1.89719E+1	1.00000E+0	1.03600E+4	4.59000E+3	8.14072E-1
9.53537E+3	1.89642E+1	1.00000E+0	1.03200E+4	4.59200E+3	8.09768E-1
9.53900E+3	1.89567E+1	1.00000E+0	1.02780E+4	4.59600E+3	8.04819E-1
9.54273E+3	1.89490E+1	1.00000E+0	1.02390E+4	4.60300E+3	7.99496E-1
9.54642E+3	1.89414E+1	1.00000E+0	1.02010E+4	4.60100E+3	7.96212E-1
9.55016E+3	1.89337E+1	1.00000E+0	1.01550E+4	4.60300E+3	7.91258E-1
9.55390E+3	1.89260E+1	1.00000E+0	1.01100E+4	4.60200E+3	7.87034E-1
9.55765E+3	1.89183E+1	1.00000E+0	1.00860E+4	4.60900E+3	7.83137E-1
9.56140E+3	1.89106E+1	1.00000E+0	1.00470E+4	4.60500E+3	7.80131E-1
9.56520E+3	1.89028E+1	1.00000E+0	1.00010E+4	4.60200E+3	7.76194E-1
9.56896E+3	1.88951E+1	1.00000E+0	9.95400E+3	4.59700E+3	7.72571E-1
9.57276E+3	1.88873E+1	1.00000E+0	9.91500E+3	4.59700E+3	7.68645E-1
9.57657E+3	1.88795E+1	1.00000E+0	9.87100E+3	4.59500E+3	7.64632E-1
9.58039E+3	1.88717E+1	1.00000E+0	9.81900E+3	4.58900E+3	7.60657E-1
9.58421E+3	1.88639E+1	1.00000E+0	9.76000E+3	4.57700E+3	7.57249E-1
9.58812E+3	1.88559E+1	1.00000E+0	9.60900E+3	4.52900E+3	7.52199E-1
9.59190E+3	1.88482E+1	1.00000E+0	9.65200E+3	4.56700E+3	7.48309E-1
9.59582E+3	1.88402E+1	1.00000E+0	9.67000E+3	4.59100E+3	7.44930E-1
9.59970E+3	1.88323E+1	1.00000E+0	9.64600E+3	4.59900E+3	7.40704E-1
9.60354E+3	1.88245E+1	1.00000E+0	9.60200E+3	4.59200E+3	7.37656E-1
9.60747E+3	1.88165E+1	1.00000E+0	9.55300E+3	4.58000E+3	7.35156E-1
9.61141E+3	1.88085E+1	1.00000E+0	9.51300E+3	4.57800E+3	7.31397E-1
9.61530E+3	1.88006E+1	1.00000E+0	9.46800E+3	4.56400E+3	7.29718E-1
9.61925E+3	1.87926E+1	1.00000E+0	9.42400E+3	4.55400E+3	7.27254E-1
9.62325E+3	1.87845E+1	1.00000E+0	9.37900E+3	4.55200E+3	7.22906E-1
9.62725E+3	1.87764E+1	1.00000E+0	9.30100E+3	4.53000E+3	7.19400E-1
9.63115E+3	1.87685E+1	1.00000E+0	9.32100E+3	4.55200E+3	7.16703E-1
9.63516E+3	1.87604E+1	1.00000E+0	9.26900E+3	4.54100E+3	7.13528E-1
9.63912E+3	1.87524E+1	1.00000E+0	9.22000E+3	4.53600E+3	7.09329E-1
9.64319E+3	1.87442E+1	1.00000E+0	9.18300E+3	4.53400E+3	7.05749E-1
9.64721E+3	1.87361E+1	1.00000E+0	9.12800E+3	4.52700E+3	7.01287E-1
9.65128E+3	1.87279E+1	1.00000E+0	9.09200E+3	4.52400E+3	6.97998E-1
9.65531E+3	1.87198E+1	1.00000E+0	9.05100E+3	4.52000E+3	6.94363E-1
9.65934E+3	1.87117E+1	1.00000E+0	9.00900E+3	4.51600E+3	6.90597E-1
9.66342E+3	1.87035E+1	1.00000E+0	8.96800E+3	4.51400E+3	6.86479E-1
9.66751E+3	1.86953E+1	1.00000E+0	8.91900E+3	4.50600E+3	6.82774E-1
9.67160E+3	1.86871E+1	1.00000E+0	8.87800E+3	4.50500E+3	6.78388E-1
9.67574E+3	1.86788E+1	1.00000E+0	8.83100E+3	4.49800E+3	6.74635E-1
9.67984E+3	1.86706E+1	1.00000E+0	8.78100E+3	4.49700E+3	6.69180E-1
9.68399E+3	1.86623E+1	1.00000E+0	8.73000E+3	4.48700E+3	6.65581E-1
9.68820E+3	1.86539E+1	1.00000E+0	8.66600E+3	4.47700E+3	6.60454E-1
9.69231E+3	1.86457E+1	1.00000E+0	8.57500E+3	4.44700E+3	6.56621E-1
9.69647E+3	1.86374E+1	1.00000E+0	8.14300E+3	4.23700E+3	6.53303E-1
9.70069E+3	1.86290E+1	1.00000E+0	8.54300E+3	4.46400E+3	6.49067E-1
9.70486E+3	1.86207E+1	1.00000E+0	8.62900E+3	4.52700E+3	6.45069E-1
9.70908E+3	1.86123E+1	1.00000E+0	8.54400E+3	4.50100E+3	6.40930E-1
9.71331E+3	1.86039E+1	1.00000E+0	8.48600E+3	4.48900E+3	6.36788E-1
9.71759E+3	1.85954E+1	1.00000E+0	8.42500E+3	4.47500E+3	6.32697E-1
9.72178E+3	1.85871E+1	1.00000E+0	8.37700E+3	4.46500E+3	6.29221E-1
9.72607E+3	1.85786E+1	1.00000E+0	8.32700E+3	4.45700E+3	6.25027E-1
9.73042E+3	1.85700E+1	1.00000E+0	8.27000E+3	4.44500E+3	6.20855E-1
9.73471E+3	1.85615E+1	1.00000E+0	8.18500E+3	4.41000E+3	6.18429E-1
9.73897E+3	1.85531E+1	1.00000E+0	8.19100E+3	4.43400E+3	6.13734E-1
9.74332E+3	1.85445E+1	1.00000E+0	8.14300E+3	4.42400E+3	6.10114E-1
9.74763E+3	1.85360E+1	1.00000E+0	8.10000E+3	4.41900E+3	6.05951E-1
9.75195E+3	1.85275E+1	1.00000E+0	8.05300E+3	4.40900E+3	6.02397E-1
9.75632E+3	1.85189E+1	1.00000E+0	8.01100E+3	4.39600E+3	6.00121E-1
9.76064E+3	1.85104E+1	1.00000E+0	7.94800E+3	4.37800E+3	5.96328E-1
9.76502E+3	1.85018E+1	1.00000E+0	7.93300E+3	4.39000E+3	5.91702E-1
9.76940E+3	1.84932E+1	1.00000E+0	7.89000E+3	4.37900E+3	5.88776E-1
9.77379E+3	1.84846E+1	1.00000E+0	7.84900E+3	4.37300E+3	5.84937E-1
9.77818E+3	1.84760E+1	1.00000E+0	7.80000E+3	4.36500E+3	5.80506E-1
9.78268E+3	1.84672E+1	1.00000E+0	7.76200E+3	4.36000E+3	5.76768E-1
9.78702E+3	1.84587E+1	1.00000E+0	7.72000E+3	4.35200E+3	5.73179E-1
9.79148E+3	1.84500E+1	1.00000E+0	7.67000E+3	4.34500E+3	5.68291E-1
9.79583E+3	1.84415E+1	1.00000E+0	7.61600E+3	4.32800E+3	5.65146E-1
9.80030E+3	1.84328E+1	1.00000E+0	7.56200E+3	4.31000E+3	5.62198E-1
9.80492E+3	1.84238E+1	1.00000E+0	7.51000E+3	4.29700E+3	5.58318E-1
9.80934E+3	1.84152E+1	1.00000E+0	7.45300E+3	4.28500E+3	5.53496E-1
9.81392E+3	1.84063E+1	1.00000E+0	7.40700E+3	4.27700E+3	5.49174E-1
9.81835E+3	1.83977E+1	1.00000E+0	7.35900E+3	4.26400E+3	5.45716E-1
9.82299E+3	1.83887E+1	1.00000E+0	7.30700E+3	4.25200E+3	5.41443E-1
9.82747E+3	1.83800E+1	1.00000E+0	7.21300E+3	4.21700E+3	5.36761E-1
9.83202E+3	1.83712E+1	1.00000E+0	7.22900E+3	4.24500E+3	5.32359E-1
9.83657E+3	1.83624E+1	1.00000E+0	7.16300E+3	4.21900E+3	5.29331E-1
9.84117E+3	1.83535E+1	1.00000E+0	7.07000E+3	4.18500E+3	5.24354E-1

