# Sample I1 = col 3  I2= col 4, mu = ln(I1/I2), Reference I3 = col 7  I4 = col 8, mu = ln(I3/I4)
#Project Name:	Gaur20105038_0	
#Folder Name:	S1_0	
#File Name:	S1_000.txt	
#Data and Time:	Saturday, 18 June, 2011  11:55:43	
#Ring energy (GeV) =	2.4	
#Ring current (mA) =	129.9	
#Slits UP (mm) =	1.903	
#Slits DOWN (mm) =	-0.101	
#Slits RIGHT (mm) =	4.497	
#Slits LEFT (mm) =	3.496	
#Table Vertical (mm) =	0.000	
#Table Horizontal (mm) =	-1.196	
#Linear Table x (mm) =	0	
#Linear Table y (mm) =	0	
#Linear Table z (mm) =	0	
#Sample position (mm) =	15	
#Picoam I0 gain = 10^^	7	
#Picoam I1 gain = 10^^	7	
#Picoam I2 gain = 10^^	7	
#Monochromator Crystal:	Si 111	
#Monochromator Energy (eV)=	9100.63	
#	 	
8830.001202	8829.949027	443093.000000	384523.000000	0.141776	111179.000000	1.240862	2.000000
8834.998091	8834.983166	440262.000000	383273.000000	0.138622	111083.000000	1.238470	2.000000
8840.000787	8839.955961	438532.000000	383008.000000	0.135377	111330.000000	1.235557	2.000000
8845.009301	8844.934504	437149.000000	383036.000000	0.132145	111676.000000	1.232527	2.000000
8849.986201	8849.918806	435497.000000	382819.000000	0.128926	111945.000000	1.229555	2.000000
8855.006338	8854.976350	433890.000000	382634.000000	0.125712	112221.000000	1.226609	2.000000
8859.994794	8859.972277	434930.000000	384775.000000	0.122526	113248.000000	1.223079	2.000000
8864.989022	8864.906363	434534.000000	385660.000000	0.119318	113860.000000	1.219987	2.000000
8869.989030	8869.913799	432995.000000	385522.000000	0.116128	114169.000000	1.216918	2.000000
8874.994830	8874.994830	431828.000000	385702.000000	0.112962	114576.000000	1.213827	2.000000
8880.006430	8879.946106	429744.000000	385060.000000	0.109791	114729.000000	1.210826	2.000000
8884.986095	8884.903053	428206.000000	384880.000000	0.106673	115025.000000	1.207782	2.000000
8890.009284	8889.933704	425170.000000	383354.000000	0.103530	114916.000000	1.204757	2.000000
8895.000469	8894.970202	425539.000000	384894.000000	0.100389	115737.000000	1.201648	2.000000
8899.997409	8899.944381	419067.000000	380206.000000	0.097318	114665.000000	1.198698	2.000000
8905.000111	8904.924270	420665.000000	382859.000000	0.094170	115817.000000	1.195655	2.000000
8910.008587	8909.909880	420417.000000	383805.000000	0.091112	116459.000000	1.192595	2.000000
8914.984838	8914.969634	418363.000000	383107.000000	0.088035	116583.000000	1.189711	2.000000
8920.004846	8919.966794	416551.000000	382589.000000	0.085048	116771.000000	1.186747	2.000000
8924.992561	8924.901132	414940.000000	382228.000000	0.082117	116994.000000	1.183895	2.000000
8929.986001	8929.978373	413778.000000	382268.000000	0.079208	117337.000000	1.181072	2.000000
8934.985176	8934.992813	413945.000000	383489.000000	0.076422	118043.000000	1.178262	2.000000
8939.569615	8939.531391	397792.000000	369660.000000	0.073346	114028.000000	1.176140	2.000000
8943.355410	8943.317154	411219.000000	382663.000000	0.071971	118297.000000	1.173956	2.000000
8946.493611	8946.485954	412957.000000	384906.000000	0.070344	119167.000000	1.172473	2.000000
8949.097736	8949.105397	413040.000000	385456.000000	0.069117	119479.000000	1.171286	2.000000
8951.243476	8951.174490	412687.000000	385501.000000	0.068146	119590.000000	1.170475	2.000000
8953.006839	8952.968497	411658.000000	384836.000000	0.067376	119465.000000	1.169794	2.000000
8954.464067	8954.418042	410981.000000	384426.000000	0.066796	119393.000000	1.169331	2.000000
8955.691584	8955.729949	412097.000000	385641.000000	0.066352	119815.000000	1.168958	2.000000
8956.689196	8956.696870	412575.000000	386214.000000	0.066026	120027.000000	1.168675	2.000000
8957.533507	8957.525830	412182.000000	385970.000000	0.065705	119970.000000	1.168518	2.000000
8958.224428	8958.216751	412253.000000	386126.000000	0.065473	120039.000000	1.168347	2.000000
8958.800279	8958.769565	413144.000000	387018.000000	0.065325	120333.000000	1.168208	2.000000
8959.299412	8959.253336	412166.000000	386148.000000	0.065205	120068.000000	1.168162	2.000000
8959.683399	8959.668039	412560.000000	386551.000000	0.065118	120198.000000	1.168123	2.000000
8959.990613	8959.944529	412341.000000	386383.000000	0.065022	120155.000000	1.168047	2.000000
8960.259443	8960.221037	412895.000000	386918.000000	0.064981	120327.000000	1.168000	2.000000
8960.451474	8960.428430	412220.000000	386305.000000	0.064930	120128.000000	1.168069	2.000000
8960.681923	8960.635832	412183.000000	386284.000000	0.064895	120129.000000	1.168007	2.000000
8960.873973	8960.843245	412911.000000	386992.000000	0.064828	120349.000000	1.168008	2.000000
8961.066032	8961.050667	412365.000000	386487.000000	0.064811	120194.000000	1.167991	2.000000
8961.258099	8961.258099	411887.000000	386056.000000	0.064767	120062.000000	1.167974	2.000000
8961.450174	8961.396392	411548.000000	385752.000000	0.064731	119977.000000	1.167895	2.000000
8961.680676	8961.672992	411973.000000	386166.000000	0.064690	120093.000000	1.168001	2.000000
8961.872769	8961.880453	411335.000000	385585.000000	0.064646	119912.000000	1.168004	2.000000
8962.064872	8962.087925	410927.000000	385210.000000	0.064627	119798.000000	1.167982	2.000000
8962.256983	8962.295406	411280.000000	385539.000000	0.064632	119900.000000	1.167984	2.000000
8962.449102	8962.433732	411020.000000	385305.000000	0.064607	119825.000000	1.168003	2.000000
8962.679656	8962.710398	411256.000000	385535.000000	0.064584	119892.000000	1.168041	2.000000
8962.871794	8962.917908	410146.000000	384512.000000	0.064538	119579.000000	1.167998	2.000000
8963.063940	8963.056254	410514.000000	384863.000000	0.064523	119680.000000	1.168066	2.000000
8963.256095	8963.263782	410312.000000	384679.000000	0.064509	119616.000000	1.168123	2.000000
8963.448258	8963.471319	410292.000000	384646.000000	0.064546	119606.000000	1.168120	2.000000
8963.678865	8963.678865	411336.000000	385630.000000	0.064532	119917.000000	1.168079	2.000000
8963.871047	8963.886422	410059.000000	384437.000000	0.064521	119531.000000	1.168204	2.000000
8964.063238	8964.093989	409233.000000	383676.000000	0.064486	119283.000000	1.168300	2.000000
8964.255436	8964.232372	410620.000000	384975.000000	0.064490	119690.000000	1.168273	2.000000
8964.486086	8964.439955	411517.000000	385807.000000	0.064513	119953.000000	1.168237	2.000000
8964.678303	8964.647548	412019.000000	386265.000000	0.064546	120089.000000	1.168291	2.000000
8964.870529	8964.855151	410673.000000	385022.000000	0.064497	119692.000000	1.168379	2.000000
8965.062763	8965.062763	410887.000000	385217.000000	0.064511	119746.000000	1.168434	2.000000
8965.255006	8965.201177	411752.000000	386019.000000	0.064535	119995.000000	1.168437	2.000000
8965.485708	8965.478018	411159.000000	385460.000000	0.064543	119808.000000	1.168547	2.000000
8965.677969	8965.616445	411422.000000	385696.000000	0.064570	119867.000000	1.168667	2.000000
8965.870239	8965.824094	412139.000000	386352.000000	0.064612	120070.000000	1.168674	2.000000
8966.062517	8966.031752	410379.000000	384706.000000	0.064602	119540.000000	1.168828	2.000000
8966.254804	8966.239421	411314.000000	385566.000000	0.064645	119794.000000	1.168939	2.000000
8966.485559	8966.447099	411564.000000	385778.000000	0.064702	119851.000000	1.169013	2.000000
8966.677864	8966.654787	411109.000000	385342.000000	0.064727	119705.000000	1.169101	2.000000
8966.870178	8966.862485	411650.000000	385833.000000	0.064769	119845.000000	1.169205	2.000000
8967.062500	8967.000956	411730.000000	385893.000000	0.064808	119853.000000	1.169294	2.000000
8967.254831	8967.208671	411465.000000	385614.000000	0.064887	119749.000000	1.169439	2.000000
8967.485639	8967.485639	411073.000000	385230.000000	0.064930	119609.000000	1.169612	2.000000
8967.677988	8967.624130	411036.000000	385170.000000	0.064996	119571.000000	1.169774	2.000000
8967.870346	8967.831874	410301.000000	384456.000000	0.065062	119332.000000	1.169920	2.000000
8968.062712	8968.039628	409743.000000	383911.000000	0.065119	119139.000000	1.170120	2.000000
8968.255087	8968.247392	410495.000000	384582.000000	0.065207	119330.000000	1.170264	2.000000
8968.485947	8968.455165	409456.000000	383554.000000	0.065349	118982.000000	1.170508	2.000000
8968.678341	8968.662949	410114.000000	384139.000000	0.065431	119140.000000	1.170705	2.000000
8968.870742	8968.870742	408604.000000	382687.000000	0.065529	118658.000000	1.170972	2.000000
8969.063153	8969.078546	409794.000000	383749.000000	0.065666	118972.000000	1.171101	2.000000
8969.255571	8969.286359	408800.000000	382770.000000	0.065792	118638.000000	1.171357	2.000000
8969.447998	8969.424907	409577.000000	383462.000000	0.065884	118823.000000	1.171606	2.000000
8969.678922	8969.702015	408958.000000	382805.000000	0.066087	118583.000000	1.171913	2.000000
8969.871368	8969.909858	409524.000000	383270.000000	0.066256	118696.000000	1.172174	2.000000
8970.063822	8970.048426	409523.000000	383205.000000	0.066423	118649.000000	1.172401	2.000000
8970.256285	8970.256285	410259.000000	383825.000000	0.066602	118805.000000	1.172703	2.000000
8970.448756	8970.464154	409403.000000	382966.000000	0.066754	118493.000000	1.173092	2.000000
8970.679733	8970.672033	409845.000000	383283.000000	0.067005	118545.000000	1.173481	2.000000
8970.872222	8970.879922	409333.000000	382748.000000	0.067152	118339.000000	1.173823	2.000000
8971.064721	8971.087821	410140.000000	383401.000000	0.067417	118495.000000	1.174211	2.000000
8971.257227	8971.226426	410559.000000	383707.000000	0.067640	118538.000000	1.174646	2.000000
8971.449743	8971.434341	410840.000000	383881.000000	0.067871	118539.000000	1.175091	2.000000
8971.680772	8971.642266	409836.000000	382803.000000	0.068237	118143.000000	1.175625	2.000000
8971.873306	8971.850201	410330.000000	383170.000000	0.068483	118199.000000	1.176109	2.000000
8972.065848	8972.058146	410799.000000	383478.000000	0.068822	118228.000000	1.176667	2.000000
8972.258399	8972.196782	410423.000000	383014.000000	0.069117	118016.000000	1.177251	2.000000
8972.450958	8972.404743	410038.000000	382527.000000	0.069451	117793.000000	1.177870	2.000000
8972.682041	8972.612715	410983.000000	383237.000000	0.069898	117922.000000	1.178630	2.000000
8972.874619	8972.820696	409935.000000	382100.000000	0.070316	117487.000000	1.179355	2.000000
8973.067205	8973.028687	409161.000000	381231.000000	0.070703	117122.000000	1.180189	2.000000
8973.259800	8973.236688	409484.000000	381362.000000	0.071149	117069.000000	1.180986	2.000000
8973.452403	8973.375361	410113.000000	381772.000000	0.071609	117089.000000	1.181889	2.000000
8973.683539	8973.652720	410021.000000	381432.000000	0.072276	116857.000000	1.182982	2.000000
8973.876161	8973.860751	409202.000000	380464.000000	0.072817	116427.000000	1.184127	2.000000
8974.068791	8973.999443	408758.000000	379819.000000	0.073428	116096.000000	1.185277	2.000000
8974.261430	8974.207490	409558.000000	380335.000000	0.074026	116123.000000	1.186402	2.000000
8974.454078	8974.415547	409513.000000	380028.000000	0.074724	115878.000000	1.187707	2.000000
8974.685266	8974.623614	408690.000000	378903.000000	0.075677	115316.000000	1.189604	2.000000
8974.877932	8974.831691	407644.000000	377621.000000	0.076503	114738.000000	1.191240	2.000000
8975.070607	8975.039778	408845.000000	378385.000000	0.077424	114766.000000	1.193017	2.000000
8975.263290	8975.247875	408997.000000	378156.000000	0.078401	114474.000000	1.194959	2.000000
8975.455981	8975.386611	408560.000000	377374.000000	0.079402	113983.000000	1.197187	2.000000
8975.648681	8975.594724	408960.000000	377313.000000	0.080542	113687.000000	1.199626	2.000000
8975.879933	8975.872224	408836.000000	376636.000000	0.082035	113112.000000	1.202901	2.000000
8976.072651	8976.080360	408329.000000	375627.000000	0.083477	112437.000000	1.206204	2.000000
8976.265379	8976.219123	408983.000000	375644.000000	0.085032	112048.000000	1.209715	2.000000
8976.458114	8976.427276	409035.000000	375043.000000	0.086760	111410.000000	1.213824	2.000000
8976.650858	8976.635439	409343.000000	374620.000000	0.088641	110758.000000	1.218565	2.000000
8976.882163	8976.913004	409439.000000	373751.000000	0.091198	109756.000000	1.225330	2.000000
8977.074926	8977.051794	409764.000000	373151.000000	0.093598	108844.000000	1.232067	2.000000
8977.267697	8977.259986	409479.000000	371857.000000	0.096376	107578.000000	1.240293	2.000000
8977.460477	8977.468188	409805.000000	370989.000000	0.099509	106293.000000	1.249973	2.000000
8977.653265	8977.676400	409198.000000	369105.000000	0.103118	104455.000000	1.262325	2.000000
8977.884622	8977.884622	408709.000000	366822.000000	0.108127	101917.000000	1.280718	2.000000
8978.077429	8978.092854	409053.000000	365336.000000	0.113027	99609.000000	1.299565	2.000000
8978.270245	8978.231681	409042.000000	363243.000000	0.118746	96767.000000	1.322766	2.000000
8978.463069	8978.439930	409029.000000	360765.000000	0.125559	93506.000000	1.350201	2.000000
8978.655901	8978.648188	409026.000000	357858.000000	0.133642	89852.000000	1.381972	2.000000
8978.848742	8978.787032	408861.000000	354244.000000	0.143389	85818.000000	1.417757	2.000000
8979.080163	8978.995307	409465.000000	349846.000000	0.157358	80994.000000	1.463118	2.000000
8979.273023	8979.203592	409541.000000	344870.000000	0.171869	76704.000000	1.503214	2.000000
8979.465891	8979.411887	408046.000000	337329.000000	0.190321	71957.000000	1.544990	2.000000
8979.658767	8979.620191	408399.000000	330561.000000	0.211453	67869.000000	1.583212	2.000000
8979.851653	8979.759067	409002.000000	322849.000000	0.236535	63980.000000	1.618614	2.000000
8980.083126	8980.036830	408536.000000	310791.000000	0.273459	59226.000000	1.657760	2.000000
8980.276030	8980.245165	408840.000000	300220.000000	0.308808	55636.000000	1.685685	2.000000
8980.468942	8980.384060	408353.000000	288185.000000	0.348529	52137.000000	1.709728	2.000000
8980.661863	8980.592411	408156.000000	276339.000000	0.390021	49041.000000	1.728972	2.000000
8980.854793	8980.800771	407078.000000	264099.000000	0.432681	46157.000000	1.744275	2.000000
8981.086319	8981.009142	408084.000000	253123.000000	0.477597	43714.000000	1.756207	2.000000
8981.279267	8981.217523	407277.000000	244250.000000	0.511301	41909.000000	1.762692	2.000000
8981.472224	8981.425913	407756.000000	238389.000000	0.536765	40785.000000	1.765589	2.000000
8981.665189	8981.634314	407402.000000	233943.000000	0.554723	40017.000000	1.765773	2.000000
8981.858162	8981.773253	408574.000000	232457.000000	0.563968	39846.000000	1.763683	2.000000
8982.051144	8981.981670	407606.000000	231469.000000	0.565855	39822.000000	1.760026	2.000000
8982.282734	8982.259575	408462.000000	233428.000000	0.559525	40383.000000	1.754465	2.000000
8982.475735	8982.468015	408032.000000	235694.000000	0.548811	40972.000000	1.749645	2.000000
8982.668744	8982.606980	408501.000000	239115.000000	0.535550	41744.000000	1.745389	2.000000
8982.861762	8982.815437	408358.000000	242519.000000	0.521064	42470.000000	1.742282	2.000000
8983.054788	8983.023904	407807.000000	245638.000000	0.506935	43091.000000	1.740545	2.000000
8983.286431	8983.301875	409028.000000	249820.000000	0.493043	43835.000000	1.740308	2.000000
8983.479476	8983.440867	408609.000000	251994.000000	0.483353	44127.000000	1.742333	2.000000
8983.672530	8983.649363	408698.000000	253792.000000	0.476461	44278.000000	1.746027	2.000000
8983.865592	8983.857869	408279.000000	254600.000000	0.472257	44183.000000	1.751354	2.000000
8984.058662	8984.066385	409490.000000	255721.000000	0.470825	44096.000000	1.757718	2.000000
8984.251741	8984.274912	408536.000000	254889.000000	0.471752	43588.000000	1.766046	2.000000
8984.483448	8984.483448	409514.000000	254517.000000	0.475603	43080.000000	1.776309	2.000000
8984.676545	8984.691994	409087.000000	252895.000000	0.480953	42389.000000	1.786085	2.000000
8984.869652	8984.831030	409595.000000	251544.000000	0.487551	41761.000000	1.795655	2.000000
8985.062766	8985.039592	409477.000000	249532.000000	0.495294	41015.000000	1.805649	2.000000
8985.255890	8985.248165	410306.000000	248011.000000	0.503430	40382.000000	1.815089	2.000000
8985.449022	8985.387219	409319.000000	245178.000000	0.512510	39519.000000	1.825203	2.000000
8985.680791	8985.665339	407822.000000	241572.000000	0.523663	38473.000000	1.837211	2.000000
8985.873942	8985.804406	408717.000000	240000.000000	0.532384	37875.000000	1.846348	2.000000
8986.067101	8986.013015	408455.000000	237708.000000	0.541339	37156.000000	1.855918	2.000000
8986.260268	8986.221634	408091.000000	235403.000000	0.550191	36438.000000	1.865687	2.000000
8986.453444	8986.360719	408303.000000	233487.000000	0.558883	35787.000000	1.875542	2.000000
8986.685267	8986.638902	409426.000000	231759.000000	0.569058	35101.000000	1.887468	2.000000
8986.878462	8986.847550	408267.000000	228997.000000	0.578212	34282.000000	1.899088	2.000000
8987.071665	8986.986655	408095.000000	226810.000000	0.587387	33552.000000	1.911016	2.000000
8987.264877	8987.195320	408467.000000	224956.000000	0.596506	32873.000000	1.923253	2.000000
8987.458098	8987.403995	409361.000000	223357.000000	0.605826	32225.000000	1.936029	2.000000
8987.651327	8987.612680	407600.000000	220108.000000	0.616168	31277.000000	1.951235	2.000000
8987.883213	8987.821375	408526.000000	218025.000000	0.627946	30440.000000	1.968852	2.000000
8988.076460	8988.030080	408622.000000	215843.000000	0.638239	29658.000000	1.984819	2.000000
8988.269716	8988.238795	408836.000000	213760.000000	0.648460	28885.000000	2.001531	2.000000
8988.462981	8988.377944	409356.000000	211832.000000	0.658792	28129.000000	2.018992	2.000000
8988.656254	8988.586675	409616.000000	209781.000000	0.669156	27342.000000	2.037640	2.000000
8988.849536	8988.795416	408786.000000	207102.000000	0.679980	26460.000000	2.057577	2.000000
8989.081485	8989.004168	410367.000000	205364.000000	0.692268	25639.000000	2.080669	2.000000
8989.274786	8989.212929	409675.000000	202723.000000	0.703524	24763.000000	2.102490	2.000000
8989.468095	8989.421700	409145.000000	200152.000000	0.714993	23909.000000	2.124822	2.000000
8989.661413	8989.630481	409340.000000	197941.000000	0.726577	23131.000000	2.146795	2.000000
8989.854739	8989.839272	408701.000000	195200.000000	0.738959	22282.000000	2.170245	2.000000
8990.048073	8990.048073	409819.000000	193339.000000	0.751270	21589.000000	2.192261	2.000000
8990.280086	8990.256884	408675.000000	189624.000000	0.767877	20570.000000	2.221209	2.000000
8990.473440	8990.465705	409717.000000	187510.000000	0.781635	19890.000000	2.243615	2.000000
8990.666801	8990.674536	409280.000000	184531.000000	0.796582	19119.000000	2.267135	2.000000
8990.860172	8990.883377	408640.000000	181389.000000	0.812191	18357.000000	2.290633	2.000000
8991.053551	8991.022610	409096.000000	178753.000000	0.827945	17693.000000	2.312836	2.000000
8991.285617	8991.301088	408302.000000	174887.000000	0.847867	16852.000000	2.339671	2.000000
8991.479015	8991.440334	408814.000000	172246.000000	0.864337	16253.000000	2.360646	2.000000
8991.672421	8991.649212	408369.000000	169181.000000	0.881202	15635.000000	2.381457	2.000000
8991.865836	8991.858099	408505.000000	166493.000000	0.897551	15088.000000	2.401054	2.000000
8992.059259	8991.997363	408561.000000	163920.000000	0.913263	14584.000000	2.419453	2.000000
8992.252691	8992.206266	407318.000000	160896.000000	0.928836	14053.000000	2.437922	2.000000
8992.484820	8992.415180	407266.000000	158252.000000	0.945278	13567.000000	2.456548	2.000000
8992.678271	8992.624104	407478.000000	156411.000000	0.957500	13226.000000	2.470303	2.000000
8992.871730	8992.833038	407208.000000	154597.000000	0.968502	12918.000000	2.482200	2.000000
8993.065198	8992.972332	406927.000000	152995.000000	0.978229	12656.000000	2.492274	2.000000
8993.258674	8993.181283	406965.000000	151742.000000	0.986545	12460.000000	2.499658	2.000000
8993.452159	8993.390243	407195.000000	150743.000000	0.993716	12314.000000	2.504840	2.000000
8993.684352	8993.599213	407171.000000	149637.000000	1.001021	12181.000000	2.508335	2.000000
8993.877855	8993.808193	407963.000000	149157.000000	1.006177	12133.000000	2.509070	2.000000
8994.071368	8994.017183	406685.000000	147962.000000	1.011083	12047.000000	2.508140	2.000000
8994.264888	8994.226183	407337.000000	147583.000000	1.015250	12053.000000	2.505077	2.000000
8994.458417	8994.365522	406249.000000	146608.000000	1.019204	12021.000000	2.501107	2.000000
8994.651955	8994.574539	407473.000000	146543.000000	1.022656	12085.000000	2.495354	2.000000
8994.884212	8994.783566	407085.000000	145823.000000	1.026628	12120.000000	2.487537	2.000000
8995.077768	8994.992602	406731.000000	145270.000000	1.029558	12164.000000	2.480113	2.000000
8995.271333	8995.201649	407299.000000	145119.000000	1.031993	12252.000000	2.471865	2.000000
8995.464907	8995.410705	406822.000000	144677.000000	1.033872	12318.000000	2.463442	2.000000
8995.658489	8995.619772	407683.000000	144811.000000	1.035060	12436.000000	2.454834	2.000000
8995.852080	8995.759155	407222.000000	144593.000000	1.035436	12531.000000	2.445717	2.000000
8996.084400	8996.037935	406694.000000	144534.000000	1.034546	12659.000000	2.435146	2.000000
8996.278009	8996.247031	406603.000000	144783.000000	1.032601	12791.000000	2.426494	2.000000
8996.471627	8996.456137	407268.000000	145440.000000	1.029708	12960.000000	2.417896	2.000000
8996.665254	8996.595547	407380.000000	146067.000000	1.025681	13122.000000	2.409775	2.000000
8996.858889	8996.804670	407001.000000	146668.000000	1.020644	13277.000000	2.402138	2.000000
8997.052533	8997.013803	406819.000000	147476.000000	1.014703	13449.000000	2.394761	2.000000
8997.284916	8997.292663	408062.000000	149068.000000	1.007017	13701.000000	2.386934	2.000000
8997.478579	8997.432099	406419.000000	149612.000000	0.999339	13826.000000	2.381494	2.000000
8997.672250	8997.641262	407113.000000	150985.000000	0.991910	14027.000000	2.376196	2.000000
8997.865929	8997.850435	406473.000000	151956.000000	0.983927	14172.000000	2.372323	2.000000
8998.059617	8998.059617	406031.000000	152996.000000	0.976018	14313.000000	2.369244	2.000000
8998.253314	8998.268810	406350.000000	154290.000000	0.968381	14467.000000	2.366964	2.000000
8998.485761	8998.478013	406447.000000	155725.000000	0.959362	14618.000000	2.365838	2.000000
8998.679477	8998.687226	405292.000000	156462.000000	0.951795	14683.000000	2.366123	2.000000
8998.873201	8998.826706	405594.000000	157673.000000	0.944829	14779.000000	2.367316	2.000000
8999.066933	8999.035936	407209.000000	159339.000000	0.938293	14909.000000	2.369069	2.000000
8999.260675	8999.245175	406299.000000	160068.000000	0.931491	14921.000000	2.372829	2.000000
8999.454424	8999.384673	406101.000000	161016.000000	0.925098	14939.000000	2.377528	2.000000
8999.648183	8999.593929	406441.000000	162151.000000	0.918911	14963.000000	2.382948	2.000000
8999.880704	8999.803195	406240.000000	163240.000000	0.911723	14940.000000	2.391179	2.000000
9000.074481	9000.012471	405134.000000	163762.000000	0.905804	14860.000000	2.399741	2.000000
9000.268266	9000.221757	405576.000000	164833.000000	0.900375	14832.000000	2.408146	2.000000
9000.462061	9000.431053	405866.000000	165830.000000	0.895060	14782.000000	2.417553	2.000000
9000.655863	9000.570589	405936.000000	166696.000000	0.890024	14710.000000	2.427644	2.000000
9000.849675	9000.779902	406554.000000	167731.000000	0.885355	14654.000000	2.437648	2.000000
9001.082259	9000.989224	405961.000000	168385.000000	0.880004	14518.000000	2.450864	2.000000
9001.276090	9001.198557	406720.000000	169364.000000	0.876075	14456.000000	2.460941	2.000000
9001.469928	9001.407899	406674.000000	169970.000000	0.872390	14356.000000	2.471454	2.000000
9001.663776	9001.617251	406906.000000	170624.000000	0.869120	14273.000000	2.481093	2.000000
9001.857631	9001.826614	406678.000000	171023.000000	0.866224	14176.000000	2.490248	2.000000
9002.051496	9001.966194	406281.000000	171300.000000	0.863629	14081.000000	2.498590	2.000000
9002.284144	9002.245369	406460.000000	171803.000000	0.861137	14014.000000	2.506292	2.000000
9002.478027	9002.384962	407134.000000	172350.000000	0.859615	13990.000000	2.511185	2.000000
9002.671919	9002.594361	405860.000000	172035.000000	0.858310	13908.000000	2.515234	2.000000
9002.865820	9002.803770	405020.000000	171836.000000	0.857396	13862.000000	2.517389	2.000000
9003.059728	9003.013190	406889.000000	172696.000000	0.857008	13931.000000	2.517416	2.000000
9003.253646	9003.222619	406564.000000	172585.000000	0.856851	13941.000000	2.516056	2.000000
9003.486358	9003.432058	406125.000000	172360.000000	0.857076	13967.000000	2.512888	2.000000
9003.680294	9003.641506	406172.000000	172274.000000	0.857690	14017.000000	2.508815	2.000000
9003.874239	9003.850965	405202.000000	171721.000000	0.858515	14047.000000	2.503462	2.000000
9004.068193	9004.060434	405733.000000	171762.000000	0.859586	14141.000000	2.497031	2.000000
9004.262155	9004.269913	405991.000000	171675.000000	0.860728	14236.000000	2.489829	2.000000
9004.456125	9004.409572	405065.000000	171032.000000	0.862197	14290.000000	2.482291	2.000000
9004.650104	9004.619067	405447.000000	170945.000000	0.863648	14400.000000	2.474114	2.000000
9004.882891	9004.898410	405613.000000	170715.000000	0.865404	14527.000000	2.463987	2.000000
9005.076889	9005.038088	404601.000000	170015.000000	0.867015	14591.000000	2.455482	2.000000
9005.270895	9005.247614	404087.000000	169533.000000	0.868583	14670.000000	2.447243	2.000000
9005.464910	9005.457150	403388.000000	168980.000000	0.870119	14745.000000	2.438876	2.000000
9005.658934	9005.666695	403399.000000	168736.000000	0.871591	14838.000000	2.431144	2.000000
9005.852966	9005.806398	402517.000000	168120.000000	0.873059	14895.000000	2.423652	2.000000
9006.085816	9006.085816	401115.000000	167227.000000	0.874896	14940.000000	2.415310	2.000000
9006.279868	9006.225532	400964.000000	166906.000000	0.876441	15010.000000	2.408714	2.000000
9006.473927	9006.435115	400300.000000	166354.000000	0.878096	15055.000000	2.402408	2.000000
9006.667996	9006.644707	399480.000000	165729.000000	0.879810	15087.000000	2.396520	2.000000
9006.862072	9006.784441	399410.000000	165394.000000	0.881658	15142.000000	2.390858	2.000000
9007.056158	9006.994050	399900.000000	165279.000000	0.883580	15216.000000	2.385287	2.000000
9007.250252	9007.203669	399191.000000	164642.000000	0.885667	15233.000000	2.380309	2.000000
9007.483176	9007.413298	399901.000000	164533.000000	0.888106	15317.000000	2.374148	2.000000
9007.677289	9007.622937	402330.000000	165198.000000	0.890128	15460.000000	2.368889	2.000000
9007.871410	9007.832585	402805.000000	165031.000000	0.892319	15521.000000	2.363939	2.000000
9008.065541	9008.042244	403106.000000	164776.000000	0.894613	15575.000000	2.358920	2.000000
9008.259679	9008.182023	404029.000000	164784.000000	0.896851	15652.000000	2.354037	2.000000
9008.453826	9008.391698	404048.000000	164410.000000	0.899170	15692.000000	2.349212	2.000000
9008.647982	9008.601384	404086.000000	164049.000000	0.901463	15736.000000	2.344214	2.000000
9008.880980	9008.811080	405943.000000	164372.000000	0.904081	15857.000000	2.338521	2.000000
9009.075155	9009.020785	406394.000000	164186.000000	0.906323	15916.000000	2.333675	2.000000
9009.269338	9009.230501	405604.000000	163509.000000	0.908509	15924.000000	2.329041	2.000000
9009.463530	9009.370317	405451.000000	163127.000000	0.910471	15954.000000	2.324819	2.000000
9009.657731	9009.580049	405098.000000	162685.000000	0.912313	15976.000000	2.320728	2.000000
9009.851940	9009.789792	406221.000000	162878.000000	0.913896	16056.000000	2.316919	2.000000
9010.085002	9009.999544	405065.000000	162146.000000	0.915550	16049.000000	2.312851	2.000000
9010.279230	9010.209307	405269.000000	162063.000000	0.916566	16087.000000	2.309974	2.000000
9010.473466	9010.419079	405153.000000	161890.000000	0.917348	16114.000000	2.307229	2.000000
9010.667711	9010.628861	404944.000000	161721.000000	0.917876	16127.000000	2.305378	2.000000
9010.861965	9010.838654	404531.000000	161521.000000	0.918093	16134.000000	2.303706	2.000000
9011.056227	9011.048456	403829.000000	161245.000000	0.918067	16124.000000	2.302616	2.000000
9011.289353	9011.258269	403543.000000	161188.000000	0.917712	16134.000000	2.301643	2.000000
9011.483634	9011.468091	404073.000000	161472.000000	0.917264	16174.000000	2.300927	2.000000
9011.716783	9011.677924	405493.000000	162143.000000	0.916625	16250.000000	2.300386	2.000000
9011.949944	9011.957716	404001.000000	161707.000000	0.915631	16196.000000	2.301022	2.000000
9012.183117	9012.167572	404106.000000	161915.000000	0.914606	16210.000000	2.301443	2.000000
9012.416303	9012.377438	404233.000000	162128.000000	0.913605	16221.000000	2.302079	2.000000
9012.688369	9012.657275	405025.000000	162627.000000	0.912490	16254.000000	2.303120	2.000000
9012.921581	9012.867164	404848.000000	162699.000000	0.911610	16241.000000	2.304363	2.000000
9013.193678	9013.147032	405362.000000	163049.000000	0.910730	16252.000000	2.305835	2.000000
9013.465792	9013.426918	404989.000000	163013.000000	0.910030	16215.000000	2.307893	2.000000
9013.737923	9013.706822	404467.000000	162898.000000	0.909446	16166.000000	2.310214	2.000000
9014.010071	9013.916761	406011.000000	163589.000000	0.909023	16207.000000	2.311914	2.000000
9014.321117	9014.266682	406023.000000	163697.000000	0.908393	16168.000000	2.314983	2.000000
9014.632185	9014.546639	406147.000000	163871.000000	0.907636	16131.000000	2.318337	2.000000
9014.904388	9014.826614	406107.000000	164006.000000	0.906714	16093.000000	2.321519	2.000000
9015.215498	9015.176608	405302.000000	163933.000000	0.905175	16016.000000	2.325870	2.000000
9015.565523	9015.526630	405761.000000	164486.000000	0.902939	15993.000000	2.330674	2.000000
9015.876679	9015.806667	405891.000000	164979.000000	0.900266	15962.000000	2.335607	2.000000
9016.187858	9016.156739	405717.000000	165460.000000	0.896926	15921.000000	2.341090	2.000000
9016.537960	9016.436816	405398.000000	166064.000000	0.892496	15875.000000	2.347628	2.000000
9016.888090	9016.856966	405750.000000	167040.000000	0.887504	15861.000000	2.354370	2.000000
9017.238248	9017.207122	404940.000000	167652.000000	0.881849	15801.000000	2.361817	2.000000
9017.588434	9017.557305	405040.000000	168692.000000	0.875911	15782.000000	2.369205	2.000000
9017.977562	9017.977562	404708.000000	169692.000000	0.869181	15739.000000	2.377843	2.000000
9018.327806	9018.327806	404557.000000	170640.000000	0.863237	15707.000000	2.385450	2.000000
9018.717000	9018.678079	403609.000000	171299.000000	0.857036	15628.000000	2.394346	2.000000
9019.106228	9019.098443	403239.000000	172108.000000	0.851407	15573.000000	2.402584	2.000000
9019.495490	9019.448777	403594.000000	173088.000000	0.846609	15538.000000	2.410511	2.000000
9019.884787	9019.869214	403295.000000	173709.000000	0.842287	15469.000000	2.418543	2.000000
9020.313053	9020.289692	403507.000000	174509.000000	0.838218	15409.000000	2.427025	2.000000
9020.741361	9020.710210	403209.000000	175003.000000	0.834652	15324.000000	2.435383	2.000000
9021.130768	9021.060672	402658.000000	175303.000000	0.831572	15230.000000	2.443249	2.000000
9021.559156	9021.481264	402529.000000	175793.000000	0.828460	15147.000000	2.451505	2.000000
9022.026535	9021.972005	402392.000000	176313.000000	0.825166	15057.000000	2.460418	2.000000
9022.455010	9022.392684	402865.000000	177042.000000	0.822215	15002.000000	2.468203	2.000000
9022.883526	9022.813403	402044.000000	177190.000000	0.819339	14896.000000	2.476130	2.000000
9023.351047	9023.304292	402517.000000	177908.000000	0.816471	14845.000000	2.483603	2.000000
9023.818616	9023.725098	403264.000000	178703.000000	0.813866	14815.000000	2.490085	2.000000
9024.286236	9024.216090	401710.000000	178448.000000	0.811433	14705.000000	2.496110	2.000000
9024.753905	9024.707136	402702.000000	179259.000000	0.809365	14718.000000	2.499760	2.000000
9025.260603	9025.198237	402291.000000	179441.000000	0.807329	14696.000000	2.502271	2.000000
9025.728376	9025.689393	402399.000000	179771.000000	0.805760	14726.000000	2.502069	2.000000
9026.235186	9026.180603	402092.000000	179902.000000	0.804269	14774.000000	2.499543	2.000000
9026.742054	9026.671869	401634.000000	179942.000000	0.802907	14854.000000	2.494365	2.000000
9027.248980	9027.163189	400833.000000	179802.000000	0.801689	14948.000000	2.487279	2.000000
9027.755965	9027.654564	399919.000000	179577.000000	0.800658	15064.000000	2.478296	2.000000
9028.302015	9028.216202	397157.000000	178477.000000	0.799872	15132.000000	2.467648	2.000000
9028.809121	9028.707695	393311.000000	176879.000000	0.799135	15160.000000	2.456806	2.000000
9029.355301	9029.269468	390959.000000	175958.000000	0.798357	15276.000000	2.443962	2.000000
9029.901548	9029.831313	394848.000000	177786.000000	0.797920	15649.000000	2.430174	2.000000
9030.447864	9030.393229	400038.000000	180089.000000	0.798108	16072.000000	2.416373	2.000000
9030.994247	9030.884965	402632.000000	181119.000000	0.798869	16376.000000	2.403337	2.000000
9031.579732	9031.517277	404815.000000	181846.000000	0.800270	16659.000000	2.390210	2.000000
9032.165296	9032.149680	403779.000000	181025.000000	0.802233	16775.000000	2.378745	2.000000
9032.711892	9032.711892	403567.000000	180513.000000	0.804540	16887.000000	2.369259	2.000000
9033.297606	9033.274176	403810.000000	180092.000000	0.807477	16992.000000	2.360725	2.000000
9033.922453	9033.836531	404234.000000	179656.000000	0.810950	17081.000000	2.353077	2.000000
9034.508328	9034.469267	403021.000000	178503.000000	0.814383	17061.000000	2.347810	2.000000
9035.094281	9035.031776	402569.000000	177669.000000	0.817944	17053.000000	2.343596	2.000000
9035.719383	9035.594356	402336.000000	176921.000000	0.821584	17031.000000	2.340668	2.000000
9036.344574	9036.227344	403048.000000	176595.000000	0.825197	17037.000000	2.338472	2.000000
9036.969854	9036.860424	402506.000000	175731.000000	0.828756	16960.000000	2.338097	2.000000
9037.595222	9037.493594	402082.000000	174921.000000	0.832322	16869.000000	2.338857	2.000000
9038.259773	9038.197223	402597.000000	174490.000000	0.836069	16796.000000	2.340727	2.000000
9038.885325	9038.830586	402638.000000	173876.000000	0.839695	16693.000000	2.343353	2.000000
9039.550070	9039.464039	402203.000000	173013.000000	0.843590	16547.000000	2.347162	2.000000
9040.214916	9040.167983	401795.000000	172139.000000	0.847640	16398.000000	2.351143	2.000000
9040.879862	9040.801628	402449.000000	171693.000000	0.851860	16300.000000	2.354543	2.000000
9041.544909	9041.435365	403158.000000	171249.000000	0.856210	16212.000000	2.357367	2.000000
9042.249185	9042.139623	401960.000000	169900.000000	0.861143	16049.000000	2.359563	2.000000
9042.914438	9042.843995	402311.000000	169266.000000	0.865754	15983.000000	2.359946	2.000000
9043.618933	9043.548478	402663.000000	168610.000000	0.870512	15938.000000	2.358882	2.000000
9044.323540	9044.253074	402249.000000	167720.000000	0.874775	15880.000000	2.357235	2.000000
9045.028260	9044.957783	403291.000000	167546.000000	0.878400	15901.000000	2.354876	2.000000
9045.733093	9045.662604	402374.000000	166707.000000	0.881144	15835.000000	2.354015	2.000000
9046.477205	9046.438038	402898.000000	166641.000000	0.882842	15827.000000	2.354124	2.000000
9047.182269	9047.143096	403238.000000	166721.000000	0.883205	15807.000000	2.355869	2.000000
9047.926625	9047.848266	403880.000000	167139.000000	0.882292	15800.000000	2.358816	2.000000
9048.671107	9048.553549	403810.000000	167463.000000	0.880182	15754.000000	2.363668	2.000000
9049.415715	9049.329491	403230.000000	167717.000000	0.877229	15705.000000	2.368299	2.000000
9050.199648	9050.105569	404274.000000	168748.000000	0.873686	15739.000000	2.372265	2.000000
9050.944514	9050.811213	403481.000000	169012.000000	0.870160	15713.000000	2.375481	2.000000
9051.728719	9051.587551	402986.000000	169351.000000	0.866928	15714.000000	2.377421	2.000000
9052.513063	9052.434622	402914.000000	169756.000000	0.864361	15749.000000	2.377585	2.000000
9053.297546	9053.211246	403030.000000	170133.000000	0.862431	15791.000000	2.377140	2.000000
9054.082169	9053.988007	403317.000000	170499.000000	0.860993	15834.000000	2.376570	2.000000
9054.866931	9054.764904	404414.000000	171107.000000	0.860150	15887.000000	2.376788	2.000000
9055.691082	9055.612584	404073.000000	171061.000000	0.859575	15848.000000	2.378977	2.000000
9056.476130	9056.389768	404016.000000	171115.000000	0.859119	15801.000000	2.382263	2.000000
9057.300581	9057.167088	403955.000000	171185.000000	0.858559	15726.000000	2.387429	2.000000
9058.125185	9058.015229	403321.000000	171042.000000	0.857824	15612.000000	2.393869	2.000000
9058.949944	9058.792835	403650.000000	171364.000000	0.856758	15539.000000	2.400437	2.000000
9059.814142	9059.712000	403039.000000	171352.000000	0.855313	15434.000000	2.407147	2.000000
9060.639216	9060.560630	403388.000000	171774.000000	0.853719	15390.000000	2.412462	2.000000
9061.503744	9061.409423	402384.000000	171646.000000	0.851973	15303.000000	2.417385	2.000000
9062.368441	9062.258379	402581.000000	171987.000000	0.850477	15274.000000	2.421267	2.000000
9063.233308	9063.107499	403083.000000	172396.000000	0.849348	15257.000000	2.424756	2.000000
9064.098344	9063.956781	402025.000000	172050.000000	0.848729	15170.000000	2.428465	2.000000
9065.002880	9064.877021	402918.000000	172443.000000	0.848666	15144.000000	2.432462	2.000000
9065.868262	9065.726643	402184.000000	172085.000000	0.848921	15044.000000	2.437009	2.000000
9066.773161	9066.647251	401738.000000	171773.000000	0.849626	14930.000000	2.442801	2.000000
9067.678245	9067.568051	402424.000000	171900.000000	0.850593	14852.000000	2.448778	2.000000
9068.583514	9068.489043	401493.000000	171307.000000	0.851733	14694.000000	2.456018	2.000000
9069.488969	9069.410226	403218.000000	171814.000000	0.853065	14649.000000	2.462040	2.000000
9070.433988	9070.331601	401790.000000	170957.000000	0.854518	14480.000000	2.468644	2.000000
9071.339822	9071.182272	400960.000000	170389.000000	0.855778	14376.000000	2.472524	2.000000
9072.285237	9072.174928	400784.000000	170115.000000	0.856948	14333.000000	2.473910	2.000000
9073.230854	9073.096879	401197.000000	170120.000000	0.857949	14356.000000	2.472336	2.000000
9074.176673	9074.089964	402298.000000	170449.000000	0.858757	14454.000000	2.467465	2.000000
9075.122694	9075.012314	401802.000000	170134.000000	0.859373	14533.000000	2.460164	2.000000
9076.108348	9076.005829	401159.000000	169790.000000	0.859795	14648.000000	2.450259	2.000000
9077.054782	9076.928579	401546.000000	169905.000000	0.860083	14835.000000	2.438250	2.000000
9078.040866	9077.922524	401240.000000	169768.000000	0.860127	15017.000000	2.425250	2.000000
9079.027169	9078.916692	401747.000000	170006.000000	0.859989	15245.000000	2.411582	2.000000
9080.013692	9079.911084	402208.000000	170246.000000	0.859725	15467.000000	2.398536	2.000000
9081.000435	9080.905698	401589.000000	170059.000000	0.859284	15629.000000	2.387017	2.000000
9082.026881	9081.971605	401525.000000	170141.000000	0.858642	15815.000000	2.375669	2.000000
9083.014073	9082.966683	400847.000000	169998.000000	0.857793	15964.000000	2.365450	2.000000
9084.040985	9083.961984	400427.000000	170043.000000	0.856480	16129.000000	2.355432	2.000000
9085.068136	9084.957508	401007.000000	170581.000000	0.854769	16333.000000	2.346023	2.000000
9086.095524	9085.953256	400975.000000	170978.000000	0.852364	16499.000000	2.338235	2.000000
9087.123151	9087.020378	400654.000000	171364.000000	0.849308	16627.000000	2.332762	2.000000
9088.190554	9088.087756	401241.000000	172246.000000	0.845639	16788.000000	2.328259	2.000000
9089.218667	9089.155391	400725.000000	172738.000000	0.841499	16903.000000	2.324285	2.000000
9090.286574	9090.223284	400766.000000	173564.000000	0.836831	17086.000000	2.318287	2.000000
9091.354739	9091.220215	400774.000000	174421.000000	0.831926	17307.000000	2.310361	2.000000
9092.423161	9092.288605	399090.000000	174570.000000	0.826861	17487.000000	2.300868	2.000000
9093.491841	9093.357252	400090.000000	175865.000000	0.821973	17819.000000	2.289451	2.000000
9094.600373	9094.426157	400277.000000	176832.000000	0.816957	18123.000000	2.278018	2.000000
9095.709182	9095.566606	400775.000000	177921.000000	0.812061	18432.000000	2.267251	2.000000
9096.778654	9096.707348	399960.000000	178350.000000	0.807617	18619.000000	2.259565	2.000000
9097.888007	9097.777060	401046.000000	179599.000000	0.803350	18859.000000	2.253736	2.000000
9098.997638	9098.847029	400773.000000	180192.000000	0.799372	18962.000000	2.251586	2.000000
9100.147191	9099.988615	400734.000000	180801.000000	0.795901	18999.000000	2.253011	2.000000
9101.257387	9101.130494	401409.000000	181649.000000	0.792905	19022.000000	2.256480	2.000000
9102.407526	9102.272666	401531.000000	182159.000000	0.790405	18957.000000	2.262707	2.000000
9103.518287	9103.415133	401271.000000	182386.000000	0.788512	18825.000000	2.270940	2.000000
9104.669011	9104.557893	401036.000000	182533.000000	0.787120	18657.000000	2.280710	2.000000
9105.820033	9105.700948	400832.000000	182603.000000	0.786228	18477.000000	2.290788	2.000000
9107.011059	9106.844296	400432.000000	182466.000000	0.785980	18277.000000	2.300920	2.000000
9108.162688	9107.987939	399686.000000	182067.000000	0.786304	18075.000000	2.309845	2.000000
9109.354343	9109.203382	399679.000000	181891.000000	0.787254	17910.000000	2.318048	2.000000
9110.506580	9110.419158	399850.000000	181694.000000	0.788766	17777.000000	2.324418	2.000000
9111.698863	9111.563721	398540.000000	180743.000000	0.790732	17588.000000	2.329859	2.000000
9112.931225	9112.780143	398679.000000	180396.000000	0.793002	17499.000000	2.333011	2.000000
9114.124158	9113.996897	397707.000000	179579.000000	0.795100	17392.000000	2.334605	2.000000
9115.317412	9115.142381	398204.000000	179477.000000	0.796917	17391.000000	2.334094	2.000000
9116.550777	9116.431404	397243.000000	178809.000000	0.798230	17341.000000	2.333245	2.000000
9117.784485	9117.649158	397944.000000	178963.000000	0.799132	17379.000000	2.331916	2.000000
9118.978721	9118.867245	396984.000000	178463.000000	0.799515	17327.000000	2.332115	2.000000
9120.213101	9120.013984	396735.000000	178331.000000	0.799627	17279.000000	2.334149	2.000000
9121.487660	9121.304420	396075.000000	178035.000000	0.799623	17158.000000	2.339516	2.000000
9122.722737	9122.595229	395895.000000	177932.000000	0.799748	17000.000000	2.348188	2.000000
9123.998014	9123.886413	396971.000000	178452.000000	0.799544	16836.000000	2.360800	2.000000
9125.233788	9125.106208	396564.000000	178298.000000	0.799381	16564.000000	2.376225	2.000000
9126.509785	9126.398121	396861.000000	178447.000000	0.799294	16297.000000	2.393311	2.000000
9127.786148	9127.618604	394720.000000	177495.000000	0.799234	15945.000000	2.409797	2.000000
9129.102780	9128.911246	395842.000000	178048.000000	0.798962	15785.000000	2.422993	2.000000
9130.379886	9130.204262	397886.000000	178987.000000	0.798852	15745.000000	2.430790	2.000000
9131.657358	9131.497654	397829.000000	179027.000000	0.798486	15689.000000	2.434577	2.000000
9132.975135	9132.863309	398604.000000	179424.000000	0.798217	15730.000000	2.434182	2.000000
9134.293302	9134.085565	399521.000000	179868.000000	0.798043	15829.000000	2.430380	2.000000
9135.611859	9135.452013	399617.000000	179906.000000	0.798072	15918.000000	2.424984	2.000000
9136.930805	9136.746929	399554.000000	179833.000000	0.798320	16016.000000	2.418440	2.000000
9138.290128	9138.114192	399377.000000	179669.000000	0.798790	16130.000000	2.410435	2.000000
9139.609867	9139.481875	398288.000000	179108.000000	0.799186	16220.000000	2.401744	2.000000
9140.970007	9140.777962	398801.000000	179299.000000	0.799408	16416.000000	2.390798	2.000000
9142.330562	9142.146462	398971.000000	179406.000000	0.799237	16635.000000	2.378142	2.000000
9143.691531	9143.515382	399717.000000	179875.000000	0.798495	16934.000000	2.362939	2.000000
9145.052916	9144.812641	399126.000000	179833.000000	0.797249	17208.000000	2.346654	2.000000
9146.414716	9146.254483	399577.000000	180352.000000	0.795496	17572.000000	2.328604	2.000000
9147.817004	9147.624664	398518.000000	180261.000000	0.793347	17899.000000	2.309661	2.000000
9149.179647	9148.995265	399134.000000	180959.000000	0.791027	18316.000000	2.290495	2.000000
9150.582803	9150.366288	397839.000000	180828.000000	0.788501	18665.000000	2.270896	2.000000
9151.986400	9151.737731	398368.000000	181538.000000	0.785911	19113.000000	2.251096	2.000000
9153.390439	9153.181811	398878.000000	182245.000000	0.783304	19560.000000	2.231865	2.000000
9154.794918	9154.626357	398525.000000	182554.000000	0.780724	19936.000000	2.214519	2.000000
9156.239987	9155.999109	398261.000000	182893.000000	0.778206	20280.000000	2.199266	2.000000
9157.645362	9157.444567	398649.000000	183487.000000	0.775938	20571.000000	2.188262	2.000000
9159.091353	9158.890493	398207.000000	183694.000000	0.773701	20725.000000	2.181931	2.000000
9160.537811	9160.336886	397261.000000	183608.000000	0.771790	20735.000000	2.180980	2.000000
9161.984738	9161.783748	397745.000000	184131.000000	0.770164	20711.000000	2.184983	2.000000
9163.432132	9163.231077	398079.000000	184533.000000	0.768822	20586.000000	2.193217	2.000000
9164.920221	9164.678876	397508.000000	184468.000000	0.767739	20320.000000	2.205870	2.000000
9166.368566	9166.127143	397981.000000	184833.000000	0.766952	20080.000000	2.219728	2.000000
9167.857632	9167.648328	398100.000000	185017.000000	0.766256	19798.000000	2.234867	2.000000
9169.347193	9169.170030	398117.000000	185141.000000	0.765628	19530.000000	2.249166	2.000000
9170.837250	9170.619752	398773.000000	185575.000000	0.764933	19351.000000	2.260715	2.000000
9172.327804	9172.069943	399112.000000	185872.000000	0.764184	19207.000000	2.269783	2.000000
9173.818854	9173.593149	398911.000000	185927.000000	0.763384	19091.000000	2.276137	2.000000
9175.350719	9175.189445	398147.000000	185744.000000	0.762452	18995.000000	2.280194	2.000000
9176.883109	9176.641118	398454.000000	186051.000000	0.761571	19006.000000	2.281266	2.000000
9178.375676	9178.093260	398202.000000	186073.000000	0.760820	19018.000000	2.280753	2.000000
9179.909101	9179.691161	398409.000000	186314.000000	0.760046	19094.000000	2.278059	2.000000
9181.443051	9181.216962	397474.000000	186039.000000	0.759173	19124.000000	2.275012	2.000000
9183.017914	9182.815978	396938.000000	185956.000000	0.758270	19174.000000	2.271955	2.000000
9184.552928	9184.342843	397506.000000	186391.000000	0.757363	19279.000000	2.268830	2.000000
9186.128884	9185.870228	396674.000000	186199.000000	0.756299	19296.000000	2.266918	2.000000
9187.705395	9187.470904	395852.000000	186026.000000	0.755154	19308.000000	2.265367	2.000000
9189.242015	9188.999355	395099.000000	185910.000000	0.753874	19328.000000	2.263708	2.000000
9190.860078	9190.673971	394662.000000	185978.000000	0.752401	19379.000000	2.261438	2.000000
9192.438252	9192.203514	394409.000000	186125.000000	0.750970	19457.000000	2.258212	2.000000
9194.016982	9193.733579	395239.000000	186818.000000	0.749356	19612.000000	2.253993	2.000000
9195.636768	9195.337064	394686.000000	186872.000000	0.747667	19691.000000	2.250262	2.000000
9197.216623	9197.014046	394844.000000	187266.000000	0.745961	19777.000000	2.248010	2.000000
9198.837565	9198.618703	394431.000000	187409.000000	0.744151	19778.000000	2.248723	2.000000
9200.459092	9200.150957	393460.000000	187297.000000	0.742284	19675.000000	2.253347	2.000000
9202.081204	9201.829738	393867.000000	187824.000000	0.740508	19587.000000	2.260639	2.000000
9203.744478	9203.509148	393603.000000	188060.000000	0.738582	19416.000000	2.270664	2.000000
9205.367777	9205.116127	394376.000000	188790.000000	0.736669	19304.000000	2.280323	2.000000
9207.032268	9206.723682	394007.000000	188995.000000	0.734648	19169.000000	2.288426	2.000000
9208.656755	9208.331811	394916.000000	189814.000000	0.732628	19172.000000	2.292594	2.000000
9210.322464	9210.013652	394496.000000	190037.000000	0.730390	19160.000000	2.294394	2.000000
9211.988791	9211.696123	394527.000000	190466.000000	0.728214	19219.000000	2.293574	2.000000
9213.696400	9213.452416	394973.000000	191101.000000	0.726015	19332.000000	2.291040	2.000000
9215.363977	9215.062954	394459.000000	191266.000000	0.723850	19410.000000	2.287877	2.000000
9217.072868	9216.747315	393945.000000	191420.000000	0.721741	19521.000000	2.282979	2.000000
9218.741697	9218.432306	393333.000000	191512.000000	0.719706	19646.000000	2.277077	2.000000
9220.451871	9220.191231	393638.000000	192026.000000	0.717801	19865.000000	2.268671	2.000000
9222.162695	9221.804183	393569.000000	192340.000000	0.715992	20091.000000	2.258993	2.000000
9223.874169	9223.564426	392492.000000	192137.000000	0.714307	20290.000000	2.248081	2.000000
9225.627067	9225.325357	392448.000000	192418.000000	0.712734	20580.000000	2.235350	2.000000
9227.339858	9227.086977	391079.000000	192043.000000	0.711190	20799.000000	2.222814	2.000000
9229.094106	9228.775843	391310.000000	192440.000000	0.709716	21110.000000	2.210038	2.000000
9230.808216	9230.465342	390990.000000	192546.000000	0.708347	21374.000000	2.198160	2.000000
9232.563814	9232.228973	390807.000000	192733.000000	0.706908	21628.000000	2.187317	2.000000
9234.320096	9233.993294	389674.000000	192430.000000	0.705578	21803.000000	2.177685	2.000000
9236.077062	9235.758306	388611.000000	192165.000000	0.704224	21934.000000	2.170316	2.000000
9237.875597	9237.524009	388271.000000	192224.000000	0.703042	22067.000000	2.164578	2.000000
9239.633949	9239.290403	387689.000000	192140.000000	0.701979	22128.000000	2.161380	2.000000
9241.433903	9241.131133	387346.000000	192169.000000	0.700943	22156.000000	2.160267	2.000000
9243.234575	9242.898941	382057.000000	189828.000000	0.699451	21873.000000	2.160865	2.000000
9245.035966	9244.667441	382063.000000	189728.000000	0.699994	21839.000000	2.161894	2.000000
9246.838076	9246.510366	386208.000000	192090.000000	0.698412	22109.000000	2.161979	2.000000
9248.640905	9248.354043	386392.000000	192353.000000	0.697520	22143.000000	2.161811	2.000000
9250.485452	9250.124682	387559.000000	193115.000000	0.696582	22251.000000	2.160899	2.000000
9252.289738	9251.896015	385643.000000	192363.000000	0.695528	22167.000000	2.160780	2.000000
9254.135777	9253.741892	386525.000000	192990.000000	0.694558	22252.000000	2.160206	2.000000
9255.982569	9255.662404	386362.000000	193118.000000	0.693473	22263.000000	2.160375	2.000000
9257.830117	9257.509821	386311.000000	193310.000000	0.692348	22289.000000	2.160202	2.000000
9259.678420	9259.284052	386404.000000	193574.000000	0.691224	22313.000000	2.160490	2.000000
9261.527478	9261.132949	387087.000000	194147.000000	0.690034	22364.000000	2.161163	2.000000
9263.418409	9263.056604	386873.000000	194278.000000	0.688806	22354.000000	2.162285	2.000000
9265.268997	9264.907045	386660.000000	194422.000000	0.687515	22330.000000	2.164100	2.000000
9267.161492	9266.758242	387829.000000	195249.000000	0.686289	22397.000000	2.165349	2.000000
9269.054779	9268.684291	388814.000000	196011.000000	0.684930	22449.000000	2.166925	2.000000
9270.948859	9270.611160	388241.000000	196000.000000	0.683512	22409.000000	2.168652	2.000000
9272.843730	9272.464693	388278.000000	196299.000000	0.682083	22418.000000	2.169775	2.000000
9274.739396	9274.318984	388865.000000	196877.000000	0.680653	22474.000000	2.170220	2.000000
9276.677090	9276.248253	388954.000000	197237.000000	0.679055	22506.000000	2.170624	2.000000
9278.574361	9278.178343	389237.000000	197697.000000	0.677453	22558.000000	2.170646	2.000000
9280.513697	9280.109256	389284.000000	198059.000000	0.675744	22601.000000	2.170571	2.000000
9282.453863	9282.040992	389542.000000	198531.000000	0.674026	22657.000000	2.170476	2.000000
9284.394860	9283.973551	389670.000000	198932.000000	0.672337	22708.000000	2.170246	2.000000
9286.336688	9285.981312	389776.000000	199337.000000	0.670575	22756.000000	2.170168	2.000000
9288.320690	9287.915552	388144.000000	198872.000000	0.668715	22694.000000	2.170561	2.000000
9290.264199	9289.850617	389211.000000	199777.000000	0.666920	22815.000000	2.169784	2.000000
9292.249920	9291.860981	387906.000000	199472.000000	0.665089	22779.000000	2.169835	2.000000
9294.236510	9293.872236	387422.000000	199585.000000	0.663274	22796.000000	2.169655	2.000000
9296.223969	9295.809843	388430.000000	200454.000000	0.661528	22922.000000	2.168488	2.000000
9298.212299	9297.748277	388794.000000	200988.000000	0.659804	23031.000000	2.166404	2.000000
9300.201500	9299.762143	388661.000000	201267.000000	0.658075	23124.000000	2.163761	2.000000
9302.191572	9301.776901	387572.000000	201066.000000	0.656268	23193.000000	2.159783	2.000000
9304.224003	9303.792554	387571.000000	201423.000000	0.654492	23350.000000	2.154810	2.000000
9306.215838	9305.734398	386768.000000	201365.000000	0.652706	23468.000000	2.149481	2.000000
9308.250070	9307.826543	386400.000000	201554.000000	0.650816	23620.000000	2.143964	2.000000
9310.285213	9309.844880	386447.000000	201942.000000	0.649014	23808.000000	2.137959	2.000000
9312.321267	9311.864114	385920.000000	202054.000000	0.647095	23963.000000	2.132024	2.000000
9314.399813	9313.959081	385891.000000	202433.000000	0.645146	24152.000000	2.126042	2.000000
9316.437709	9316.055014	386917.000000	203351.000000	0.643277	24414.000000	2.119777	2.000000
9318.476519	9318.002102	386232.000000	203362.000000	0.641451	24535.000000	2.114887	2.000000
9320.557878	9320.099897	386000.000000	203627.000000	0.639547	24671.000000	2.110661	2.000000
9322.640190	9322.198660	386254.000000	204126.000000	0.637758	24813.000000	2.107370	2.000000
9324.723454	9324.298391	386750.000000	204751.000000	0.635984	24949.000000	2.104961	2.000000
9326.807671	9326.324048	385746.000000	204585.000000	0.634196	24969.000000	2.103348	2.000000
9328.892842	9328.425681	383192.000000	203507.000000	0.632836	24882.000000	2.101556	2.000000
9331.020700	9330.603395	383654.000000	204251.000000	0.630391	25048.000000	2.098556	2.000000
9333.107800	9332.631857	387359.000000	206557.000000	0.628776	25430.000000	2.094647	2.000000
9335.237627	9334.811582	386462.000000	206406.000000	0.627188	25503.000000	2.091049	2.000000
9337.326658	9336.917132	386214.000000	206625.000000	0.625486	25653.000000	2.086245	2.000000
9339.458456	9339.023655	385862.000000	206794.000000	0.623757	25813.000000	2.080845	2.000000
9341.591250	9341.131152	386452.000000	207464.000000	0.622050	26033.000000	2.075593	2.000000
9343.766891	9343.314942	384931.000000	207024.000000	0.620229	26074.000000	2.071896	2.000000
9345.901700	9345.499777	386039.000000	207966.000000	0.618564	26264.000000	2.069175	2.000000
9348.037508	9347.610266	385470.000000	208020.000000	0.616829	26294.000000	2.068293	2.000000
9350.216223	9349.721731	384534.000000	207890.000000	0.615023	26280.000000	2.068201	2.000000
9352.395978	9351.909634	384158.000000	208054.000000	0.613256	26314.000000	2.067697	2.000000
9354.576773	9354.174086	384543.000000	208624.000000	0.611522	26416.000000	2.066564	2.000000
9356.758609	9356.288587	382968.000000	208137.000000	0.609755	26373.000000	2.065856	2.000000
9358.941487	9358.479637	382886.000000	208456.000000	0.608009	26442.000000	2.064774	2.000000
9361.125407	9360.671738	382736.000000	208750.000000	0.606208	26493.000000	2.064257	2.000000
9363.352400	9362.864890	382552.000000	209016.000000	0.604454	26541.000000	2.063720	2.000000
9365.538428	9365.059094	381593.000000	208858.000000	0.602700	26533.000000	2.063265	2.000000
9367.767570	9367.330067	380154.000000	208447.000000	0.600892	26483.000000	2.063182	2.000000
9369.997798	9369.526414	381021.000000	209298.000000	0.599095	26614.000000	2.062322	2.000000
9372.229113	9371.723814	378750.000000	208403.000000	0.597403	26502.000000	2.062254	2.000000
9374.461515	9373.998097	378287.000000	208510.000000	0.595666	26527.000000	2.061824	2.000000
9376.695007	9376.273510	378162.000000	208801.000000	0.593941	26582.000000	2.061147	2.000000
9378.971760	9378.474150	378397.000000	209285.000000	0.592247	26667.000000	2.060270	2.000000
9381.207451	9380.751788	376610.000000	208639.000000	0.590605	26594.000000	2.059920	2.000000
9383.486447	9383.030557	374921.000000	208087.000000	0.588759	26551.000000	2.058889	2.000000
9385.766576	9385.310460	378892.000000	210633.000000	0.587134	26911.000000	2.057582	2.000000
9388.047840	9387.591496	379362.000000	211238.000000	0.585505	27031.000000	2.056001	2.000000
9390.330238	9389.873668	379217.000000	211515.000000	0.583813	27105.000000	2.054578	2.000000
9392.613773	9392.156975	379051.000000	211776.000000	0.582142	27174.000000	2.053268	2.000000
9394.940763	9394.441418	379872.000000	212596.000000	0.580441	27330.000000	2.051409	2.000000
9397.226593	9396.726999	379610.000000	212803.000000	0.578778	27402.000000	2.049751	2.000000
9399.555922	9399.166207	379628.000000	213177.000000	0.577069	27512.000000	2.047501	2.000000
9401.886434	9401.454141	380036.000000	213776.000000	0.575337	27675.000000	2.044399	2.000000
9404.175723	9403.743215	381133.000000	214747.000000	0.573688	27899.000000	2.040870	2.000000
9406.508580	9406.109789	380486.000000	214759.000000	0.571933	27993.000000	2.037562	2.000000
9408.885069	9408.401184	379996.000000	214852.000000	0.570211	28118.000000	2.033539	2.000000
9411.220316	9410.770158	381043.000000	215808.000000	0.568523	28377.000000	2.028810	2.000000
9413.556750	9413.140353	380359.000000	215788.000000	0.566819	28499.000000	2.024427	2.000000
9415.936885	9415.511770	381153.000000	216604.000000	0.565130	28747.000000	2.019537	2.000000
9418.318251	9417.884410	381191.000000	216998.000000	0.563412	28930.000000	2.015009	2.000000
9420.658292	9420.181678	380551.000000	217004.000000	0.561704	29040.000000	2.011242	2.000000
9423.042102	9422.633362	378508.000000	216234.000000	0.559876	29027.000000	2.008135	2.000000
9425.469748	9425.009675	365127.000000	209210.000000	0.556907	28126.000000	2.006644	2.000000
9427.856051	9427.387215	334500.000000	191232.000000	0.559150	25703.000000	2.006880	2.000000
9430.243589	9429.842738	383838.000000	220345.000000	0.555026	29782.000000	2.001290	2.000000
9432.675033	9432.222773	383650.000000	220655.000000	0.553130	29880.000000	1.999411	2.000000
9435.065070	9434.604038	383003.000000	220674.000000	0.551356	29944.000000	1.997358	2.000000
9437.499058	9437.063408	381532.000000	220228.000000	0.549531	29935.000000	1.995635	2.000000
9439.934332	9439.447174	381163.000000	220410.000000	0.547738	30037.000000	1.993059	2.000000
9442.370891	9441.909128	379845.000000	220048.000000	0.545918	30054.000000	1.990850	2.000000
9444.808737	9444.372397	379245.000000	220100.000000	0.544100	30142.000000	1.988162	2.000000
9447.247872	9446.759942	377373.000000	219414.000000	0.542274	30129.000000	1.985472	2.000000
9449.731121	9449.225800	376587.000000	219378.000000	0.540353	30218.000000	1.982358	2.000000
9452.172857	9451.692976	376284.000000	219611.000000	0.538486	30351.000000	1.979028	2.000000
9454.658756	9454.161469	375766.000000	219729.000000	0.536572	30465.000000	1.975816	2.000000
9457.145992	9456.631282	373901.000000	219052.000000	0.534682	30445.000000	1.973387	2.000000
9459.634568	9459.179659	373776.000000	219412.000000	0.532705	30570.000000	1.970932	2.000000
9462.124484	9461.652155	373600.000000	219719.000000	0.530836	30680.000000	1.968738	2.000000
9464.615740	9464.125973	373854.000000	220292.000000	0.528911	30834.000000	1.966336	2.000000
9467.108339	9466.601115	372693.000000	220035.000000	0.526968	30860.000000	1.964326	2.000000
9469.645291	9469.154992	372765.000000	220501.000000	0.525046	31002.000000	1.961851	2.000000
9472.140601	9471.632825	371838.000000	220382.000000	0.523096	31054.000000	1.959635	2.000000
9474.680313	9474.189480	371894.000000	220848.000000	0.521134	31187.000000	1.957473	2.000000
9477.221419	9476.747547	372103.000000	221387.000000	0.519258	31323.000000	1.955560	2.000000
9479.763919	9479.229447	371280.000000	221341.000000	0.517252	31365.000000	1.954012	2.000000
9482.307814	9481.790299	370477.000000	221286.000000	0.515335	31401.000000	1.952616	2.000000
9484.853107	9484.352566	370331.000000	221656.000000	0.513271	31496.000000	1.951266	2.000000
9487.399797	9486.838542	369389.000000	221472.000000	0.511554	31508.000000	1.950055	2.000000
9489.991086	9489.481352	370905.000000	222831.000000	0.509532	31743.000000	1.948741	2.000000
9492.540599	9492.047872	368626.000000	221909.000000	0.507515	31640.000000	1.947845	2.000000
9495.134762	9494.615813	368735.000000	222398.000000	0.505610	31752.000000	1.946513	2.000000
9497.730375	9497.185175	367999.000000	222394.000000	0.503630	31786.000000	1.945425	2.000000
9500.327439	9499.833885	367268.000000	222378.000000	0.501713	31817.000000	1.944378	2.000000
9502.925956	9502.406137	366984.000000	222640.000000	0.499762	31896.000000	1.943076	2.000000
9505.525928	9504.979813	366916.000000	223019.000000	0.497876	31997.000000	1.941615	2.000000
9508.127354	9507.632971	366592.000000	223250.000000	0.495957	32079.000000	1.940091	2.000000
9510.773631	9510.209544	366966.000000	223894.000000	0.494096	32237.000000	1.938058	2.000000
9513.421415	9512.943834	366615.000000	224107.000000	0.492189	32347.000000	1.935602	2.000000
9516.027263	9515.523352	366989.000000	224764.000000	0.490281	32531.000000	1.932857	2.000000
9518.678039	9518.182533	366329.000000	224768.000000	0.488463	32627.000000	1.929929	2.000000
9521.330326	9520.843235	367301.000000	225808.000000	0.486497	32889.000000	1.926547	2.000000
9523.984124	9523.505458	367864.000000	226572.000000	0.484651	33123.000000	1.922835	2.000000
9526.639435	9526.090837	367141.000000	226551.000000	0.482776	33235.000000	1.919367	2.000000
9529.339828	9528.834475	366809.000000	226776.000000	0.480879	33386.000000	1.915826	2.000000
9531.998195	9531.501270	363278.000000	224932.000000	0.479370	33220.000000	1.912646	2.000000
9534.701695	9534.169592	366038.000000	227191.000000	0.476946	33663.000000	1.909392	2.000000
9537.363122	9536.839443	366538.000000	227884.000000	0.475265	33863.000000	1.906514	2.000000
9540.069735	9539.589415	366650.000000	228385.000000	0.473375	34035.000000	1.903643	2.000000
9542.777920	9542.262370	365431.000000	228065.000000	0.471447	34070.000000	1.901213	2.000000
9545.487677	9545.015542	365067.000000	228260.000000	0.469596	34185.000000	1.898698	2.000000
9548.199009	9547.691608	364034.000000	228049.000000	0.467687	34234.000000	1.896341	2.000000
9550.911915	9550.369208	363348.000000	228040.000000	0.465840	34316.000000	1.893909	2.000000
9553.670193	9553.205988	362688.000000	228071.000000	0.463886	34401.000000	1.891571	2.000000
9556.386279	9555.886751	362682.000000	228487.000000	0.462047	34550.000000	1.889072	2.000000
9559.147791	9558.647968	361449.000000	228158.000000	0.460083	34580.000000	1.886763	2.000000
9561.910935	9561.410817	361561.000000	228663.000000	0.458181	34746.000000	1.884185	2.000000
9564.675713	9564.175299	361111.000000	228798.000000	0.456346	34855.000000	1.881643	2.000000
9567.442126	9566.941416	359679.000000	228331.000000	0.454416	34870.000000	1.879169	2.000000
9570.210175	9569.709169	359340.000000	228564.000000	0.452453	34994.000000	1.876640	2.000000
9572.979862	9572.478559	358810.000000	228655.000000	0.450579	35097.000000	1.874099	2.000000
9575.751189	9575.170394	359032.000000	229226.000000	0.448703	35275.000000	1.871534	2.000000
9578.568184	9578.101502	357881.000000	228936.000000	0.446758	35320.000000	1.868993	2.000000
9581.386875	9580.796571	357644.000000	229226.000000	0.444830	35460.000000	1.866303	2.000000
9584.163180	9583.651864	357928.000000	229843.000000	0.442935	35653.000000	1.863563	2.000000
9586.985239	9586.508897	357609.000000	230078.000000	0.441022	35781.000000	1.861001	2.000000
9589.808996	9589.208805	357588.000000	230503.000000	0.439118	35940.000000	1.858413	2.000000
9592.634455	9592.069227	357278.000000	230758.000000	0.437145	36062.000000	1.856130	2.000000
9595.461615	9594.931393	358375.000000	231900.000000	0.435274	36329.000000	1.853690	2.000000
9598.334695	9597.795306	354530.000000	229863.000000	0.433309	36081.000000	1.851717	2.000000
9601.165292	9600.660967	359139.000000	233287.000000	0.431440	36710.000000	1.849220	2.000000
9603.997595	9603.448703	358304.000000	233186.000000	0.429545	36772.000000	1.847100	2.000000
9606.875903	9606.317816	358178.000000	233551.000000	0.427630	36910.000000	1.844918	2.000000
9609.755974	9609.188682	358185.000000	234007.000000	0.425699	37059.000000	1.842840	2.000000
9612.637811	9612.061302	359048.000000	235026.000000	0.423760	37306.000000	1.840542	2.000000
9615.521415	9614.935679	357993.000000	234791.000000	0.421818	37346.000000	1.838470	2.000000
9618.406788	9617.891730	357271.000000	234783.000000	0.419833	37417.000000	1.836537	2.000000
9621.293931	9620.689706	357808.000000	235579.000000	0.417950	37626.000000	1.834351	2.000000
9624.182847	9623.569360	357553.000000	235860.000000	0.416045	37748.000000	1.832306	2.000000
9627.118022	9626.530840	357560.000000	236336.000000	0.414049	37904.000000	1.830198	2.000000
9630.010513	9629.414070	357150.000000	236539.000000	0.412043	38020.000000	1.828001	2.000000
9632.949323	9632.379229	356865.000000	236811.000000	0.410095	38144.000000	1.825894	2.000000
9635.889966	9635.346254	356692.000000	237179.000000	0.408058	38288.000000	1.823679	2.000000
9638.832445	9638.234884	355253.000000	236691.000000	0.406075	38296.000000	1.821410	2.000000
9641.776760	9641.285914	353825.000000	236228.000000	0.404005	38310.000000	1.819086	2.000000
9644.722915	9644.178184	353004.000000	236134.000000	0.402080	38387.000000	1.816681	2.000000
9647.670910	9647.072229	353117.000000	236702.000000	0.399997	38578.000000	1.814120	2.000000
9650.665456	9650.128980	351872.000000	236366.000000	0.397886	38620.000000	1.811611	2.000000
9653.617166	9653.026676	351655.000000	236643.000000	0.396098	38764.000000	1.809061	2.000000
9656.615486	9656.087285	351837.000000	237261.000000	0.394007	38969.000000	1.806394	2.000000
9659.570916	9659.069258	351046.000000	237209.000000	0.391976	39059.000000	1.803868	2.000000
9662.573017	9661.972444	350902.000000	237589.000000	0.389965	39230.000000	1.801101	2.000000
9665.577026	9665.038854	351693.000000	238591.000000	0.388008	39505.000000	1.798324	2.000000
9668.582943	9668.026480	350645.000000	238376.000000	0.385925	39571.000000	1.795753	2.000000
9671.590772	9671.015995	349908.000000	238314.000000	0.384081	39670.000000	1.792994	2.000000
9674.600514	9674.088274	352565.000000	240645.000000	0.381912	40170.000000	1.790202	2.000000
9677.657135	9677.081620	353461.000000	241755.000000	0.379848	40469.000000	1.787389	2.000000
9680.670736	9680.157839	352737.000000	241757.000000	0.377790	40572.000000	1.784855	2.000000
9683.731278	9683.236057	353278.000000	242624.000000	0.375742	40827.000000	1.782169	2.000000
9686.748747	9686.154109	353703.000000	243393.000000	0.373780	41069.000000	1.779424	2.000000
9689.813218	9689.317360	353434.000000	243700.000000	0.371759	41229.000000	1.776796	2.000000
9692.879670	9692.320346	354168.000000	244700.000000	0.369738	41518.000000	1.773906	2.000000
9695.948106	9695.406473	351738.000000	243524.000000	0.367671	41417.000000	1.771524	2.000000
9699.018528	9698.494609	352266.000000	244386.000000	0.365638	41669.000000	1.768991	2.000000
9702.090936	9701.503410	351959.000000	244656.000000	0.363662	41825.000000	1.766359	2.000000
9705.210561	9704.676915	351969.000000	245172.000000	0.361583	42021.000000	1.763791	2.000000
9708.286980	9707.771089	351574.000000	245380.000000	0.359612	42163.000000	1.761265	2.000000
9711.410678	9710.867279	351508.000000	245849.000000	0.357515	42350.000000	1.758749	2.000000
9714.491114	9714.047046	350901.000000	245893.000000	0.355608	42467.000000	1.756169	2.000000
9717.618893	9717.065716	349669.000000	245544.000000	0.353511	42511.000000	1.753713	2.000000
9720.748730	9720.249632	350252.000000	246440.000000	0.351534	42778.000000	1.751095	2.000000
9723.880627	9723.353961	349334.000000	246291.000000	0.349515	42860.000000	1.748575	2.000000
9727.014586	9726.460316	348813.000000	246412.000000	0.347531	42985.000000	1.746154	2.000000
