# Sample I1 = col 2  I2= col 3, mu = ln(I1/I2), Reference not available
#S 1  zapline mono 16.5279 14.3086 1409 300 
#D Sun Nov 12 17:20:02 2017
#T 300  (ms)
#G0 0
#G1 0 0 0 0 0 0 0 0 0 0 0 0 0 0 0 0 0 0 0 0 0 0 0 0 0 0 0 0 0 0 0 0 0 0
#G2 0
#Q 
#P0 -5.7000169 0 0.2 3.3333333e-07 -1425.473 3 14000 -0.1
#P1 9.043 70 0 4.7300003 0.24 0 0 
#P2 43.155625 45.715313 24.684375 88.871 -1.28 9.483477 39.3 -0.377
#P3 -1.2126797 -3.715 -11.937714 16.403923 -2.2549199 10 38 3.9999997
#P4 34.999994 0 35 0.30307037 0.30304712 -0.0002325 0.30305875 57.213563
#P5 1.0493125 76.568551 4.51 1560 29.8325 51.932812 81.7655 -11.05
#P6 74 14.3086 -568939.53 50 20 0.99752498 17 3.6
#P7 -1.92 -0.3 5 0 14.50866 0 0 
#UMI0     Current AutoM      Shutter    
#UMI1      166.15    ON     FE open     
#UMI2 Refill in 13200 sec, Fill Mode: 7/8 multibunch / Message: Nov 12 09:04 Delivery:Next Refill at 21:00; 
#N 18
#ZapEnergy Mon Ion1 Ion2
6.9506145 64908 17366 23507 
6.9510541 65044 17405 23606 
6.9519291 64905 17423 23666 
6.9528003 63839 17181 23542 
6.95367 64211 17304 23368 
6.9545436 65372 17629 23526 
6.9554176 65253 17621 23729 
6.9562879 65237 17614 23679 
6.9571481 65244 17649 23698 
6.9580145 65246 17684 23562 
6.9588852 65261 17701 23587 
6.9597502 65301 17731 23631 
6.9606156 65325 17802 23659 
6.9614849 65332 17800 23816 
6.9623504 65376 17862 23658 
6.9632163 65403 17918 23619 
6.9640884 65409 17933 23836 
6.9649549 65433 17979 23714 
6.9658194 65451 17992 23789 
6.9666901 65498 18080 23763 
6.9675531 65518 18151 23852 
6.96842 65528 18117 23783 
6.9692936 65555 18173 23781 
6.9701595 65554 18226 23734 
6.9710355 65608 18280 23746 
6.9719095 65590 18284 23845 
6.9727716 65636 18310 23798 
6.9736466 65647 18345 23904 
6.9745173 65669 18414 23798 
6.9753861 65763 18454 23785 
6.9762535 65760 18493 23845 
6.9771252 65824 18535 23923 
6.9779987 65833 18622 23946 
6.9788666 65838 18648 23997 
6.979743 65887 18711 23978 
6.9806175 65939 18782 23947 
6.9814858 65938 18797 23928 
6.9823565 65973 18797 24042 
6.9832215 65960 18763 23711 
6.9840927 66004 18850 23873 
6.9849682 66022 18923 24062 
6.9858398 66058 18935 24051 
6.9867201 66075 19026 24054 
6.9875965 66084 19077 24103 
6.9884605 66132 19076 24079 
6.9892669 66137 19107 24135 
6.9899578 66141 19144 24163 
6.990562 66153 19181 24285 
6.9916463 66168 19268 24107 
6.9928718 66206 19285 24254 
6.9937286 66233 19329 24204 
6.9946008 66242 19365 24188 
6.9954729 66282 19370 24197 
6.9963474 66282 19390 24136 
6.9972239 66320 19462 24299 
6.9980927 66344 19499 24290 
6.9989676 66350 19554 24286 
6.9998474 66387 19596 24380 
7.0007229 66367 19627 24339 
7.0016026 66373 19677 24388 
7.0024872 66405 19691 24360 
7.0033636 66422 19772 24296 
7.0042381 66418 19764 24422 
7.0051188 66438 19830 24453 
7.0059977 66390 19907 24457 
7.0068707 66423 19876 24415 
7.0077524 66406 19884 24525 
7.0086322 66438 19927 24473 
7.0095181 66398 20007 24495 
7.0103946 66406 20015 24420 
7.0112729 66436 20023 24356 
7.0121555 66420 20046 24439 
7.0130281 66431 20081 24389 
7.013907 66498 20183 24552 
7.0147862 66421 20165 24523 
7.0156679 66424 20225 24560 
7.016552 66507 20280 24629 
7.017436 66474 20263 24591 
7.0183225 66426 20316 24555 
7.0192027 66503 20359 24615 
7.0200834 66485 20380 24697 
7.0209665 66479 20433 24588 
7.0218515 66493 20468 24479 
7.0227308 66528 20525 24630 
7.0236144 66510 20587 24674 
7.0245004 66530 20601 24656 
7.0253868 66507 20644 24742 
7.0262647 66535 20641 24574 
7.0271492 66496 20642 24701 
7.0280385 66547 20730 24792 
7.0289192 66559 20748 24765 
7.0298004 66578 20779 24636 
7.0306797 66565 20810 24724 
7.0315695 66615 20844 24656 
7.0324512 66597 20873 24750 
7.0333438 66577 20923 24655 
7.0342321 66606 20922 24814 
7.0351148 66616 20974 24794 
7.0359974 66657 21043 24848 
7.0368867 66637 21130 24851 
7.0377803 66646 21152 24920 
7.0386658 66639 21184 24975 
7.0395498 66639 21212 24874 
7.0404334 66668 21246 24881 
7.041328 66645 21222 24969 
7.0422144 66691 21286 24974 
7.0431013 66653 21330 24925 
7.0439901 66738 21424 25157 
7.0448713 66712 21485 25076 
7.0457582 66785 21514 25139 
7.046648 66817 21608 25100 
7.0475402 66854 21639 25120 
7.0484285 66839 21698 25118 
7.0493231 66899 21706 25083 
7.0502157 66904 21657 25197 
7.0511045 66922 21716 25234 
7.0519934 66944 21774 25196 
7.0528827 66938 21846 25193 
7.0537763 66999 21878 25215 
7.0546618 66991 21928 25139 
7.0555563 67060 21927 24748 
7.0564504 67085 22090 25179 
7.0573454 67135 22106 25228 
7.0582423 67121 22142 25126 
7.0591331 67161 22148 25327 
7.0600219 67206 22271 25328 
7.0609093 67217 22305 25330 
7.061801 67272 22370 25308 
7.0626969 67281 22458 25334 
7.0635953 67311 22490 25360 
7.0644898 67307 22517 25414 
7.0653844 67331 22514 25337 
7.0662794 67352 22583 25490 
7.0671701 67348 22623 25358 
7.0680614 67362 22701 25399 
7.0689569 67400 22726 25390 
7.0698528 67384 22784 25393 
7.0707507 67380 22755 25529 
7.0716491 67326 22798 25540 
7.0725522 67010 22765 25489 
7.0734553 66864 22746 25446 
7.0743418 67360 22927 25467 
7.0752325 67411 23019 25459 
7.0761237 67456 23067 25612 
7.0770192 67438 23106 25597 
7.0779133 67460 23207 25545 
7.0788155 67502 23259 25610 
7.0797205 67486 23275 25643 
7.080617 67465 23321 25494 
7.0815139 67459 23385 25705 
7.0824151 67500 23383 25609 
7.083312 67504 23354 25603 
7.0842056 67527 23458 25681 
7.0851073 67553 23502 25667 
7.0860052 67568 23574 25626 
7.0869079 67575 23579 25659 
7.0878062 67610 23653 25814 
7.0887051 67608 23663 25774 
7.0896082 67615 23731 25733 
7.0905094 67680 23770 25724 
7.0914111 67639 23810 25852 
7.0923066 67669 23928 25747 
7.0932083 67654 23947 25770 
7.0941062 67742 23977 25876 
7.0950112 67706 23991 25871 
7.0959201 67731 24034 25869 
7.0968208 67752 24079 25875 
7.0977221 67800 24165 25946 
7.0986276 67790 24121 25948 
7.0995378 67864 24229 25871 
7.1004395 67851 24299 25972 
7.1013417 67886 24357 26010 
7.1022482 67907 24342 26055 
7.1031551 67902 24369 26009 
7.1040535 67911 24406 26010 
7.1049628 67909 24412 25976 
7.1058683 67951 24479 25992 
7.1067781 67985 24544 26076 
7.1076841 67987 24571 25999 
7.108592 67894 24520 25921 
7.1095004 67787 24411 25893 
7.110405 67572 24226 25605 
7.1113138 67428 24097 25321 
7.1122212 67224 24005 25135 
7.1131263 67186 23874 24957 
7.114038 67114 23713 24926 
7.1149392 67054 23466 24793 
7.1158409 66998 23022 24617 
7.1167512 66882 22229 24387 
7.117662 66794 21350 24059 
7.1185727 66669 20413 23571 
7.1194797 66602 19688 23139 
7.1203847 66503 19001 22869 
7.1212897 66360 18320 22617 
7.1222019 66231 17486 22245 
7.1231093 65995 16651 21966 
7.1240091 65812 16161 21648 
7.1249127 65567 15804 21507 
7.1258173 65377 15473 21417 
7.1267304 65314 15093 21265 
7.1276393 65296 14921 21183 
7.1285529 64972 15074 21103 
7.1294689 63872 15300 21199 
7.1303806 64315 15899 21181 
7.1312861 64462 16387 21169 
7.1321964 64509 16740 21503 
7.1331115 64528 16935 21649 
7.1340265 64613 17173 21602 
7.134933 64657 17382 21909 
7.1358485 64716 17551 21895 
7.136764 64717 17675 21972 
7.1376758 64779 17710 21911 
7.138588 64784 17669 22026 
7.1394978 64846 17583 21899 
7.1404123 64852 17462 21829 
7.1413207 64902 17389 21835 
7.14224 64935 17377 21899 
7.1431599 65028 17486 21824 
7.1440754 65061 17691 21998 
7.1449909 65142 17866 21934 
7.145905 65252 18066 22035 
7.1468277 65287 18212 22099 
7.1477442 65402 18357 22109 
7.1486611 65475 18493 22014 
7.1495781 65450 18613 22109 
7.1505017 65485 18682 22127 
7.1514192 65591 18768 22198 
7.1523433 65514 18773 22206 
7.1532617 65576 18814 22157 
7.1541753 65655 18886 22302 
7.1550894 65643 18892 22260 
7.156004 65688 18950 22232 
7.1569228 65652 18880 22156 
7.1578422 65688 18899 22196 
7.1587591 65650 18878 22221 
7.1596856 65619 18891 22189 
7.1606121 65594 18892 22202 
7.1615257 65574 18870 22207 
7.1624441 65535 18827 22056 
7.1633625 65481 18775 22195 
7.164279 65461 18691 22208 
7.1651936 65422 18577 22103 
7.166111 65370 18437 22076 
7.1670237 65329 18303 22083 
7.1679459 65282 18246 22074 
7.1688657 65288 18185 22001 
7.1697903 65247 18144 22021 
7.1707153 65251 18096 22060 
7.1716313 65274 18059 21994 
7.1725569 65269 18066 22028 
7.1734715 65267 18071 22094 
7.1743951 65289 18113 22070 
7.1753192 65276 18154 22162 
7.17625 65228 18244 22132 
7.1771741 65195 18326 22181 
7.1780925 65167 18411 22235 
7.1790195 65129 18481 22224 
7.1799421 65067 18577 22203 
7.180872 65000 18717 22392 
7.1817889 64885 18800 22203 
7.1827168 64673 18814 22260 
7.1836476 64403 18831 22305 
7.184576 63934 18772 22198 
7.1854982 62999 18601 22272 
7.1864276 61483 18297 22072 
7.1873569 59397 17792 21992 
7.188273 58254 17540 21916 
7.1891985 63391 18997 22236 
7.1901221 65751 19689 22457 
7.1910524 66272 19892 22534 
7.1919808 66441 20013 22449 
7.192914 66550 20113 22634 
7.1938472 66555 20206 22570 
7.1947718 66606 20235 22477 
7.1957011 66551 20209 22636 
7.1966286 66551 20240 22676 
7.1975608 66550 20252 22560 
7.1984839 66559 20233 22525 
7.1994166 66585 20217 22665 
7.2003493 66575 20254 22689 
7.2012868 66586 20268 22682 
7.2022223 66571 20292 22632 
7.203156 66609 20357 22705 
7.2040877 66592 20369 22718 
7.2050085 66600 20374 22878 
7.2059321 66592 20428 22853 
7.2068601 66588 20453 22897 
7.2077904 66590 20529 22697 
7.2087231 66516 20492 22854 
7.2096629 66591 20555 22770 
7.2106009 66554 20573 22852 
7.2115278 66581 20583 22724 
7.2124572 66575 20574 22660 
7.2133889 66556 20586 22597 
7.2143278 66527 20632 22722 
7.2152605 66455 20598 22574 
7.2161932 66102 20517 22472 
7.2171259 66441 20605 22587 
7.2180681 66617 20651 22600 
7.2190013 66648 20677 22628 
7.2199397 66684 20709 22514 
7.2208691 66646 20759 22627 
7.2218032 66647 20807 22538 
7.2227378 66666 20797 22490 
7.2236748 66670 20899 22640 
7.2246161 66687 20961 22757 
7.2255468 66685 21027 22761 
7.2264867 66742 21131 22845 
7.2274313 66763 21209 22910 
7.228363 66759 21298 22899 
7.2292948 66805 21399 22991 
7.2302356 66788 21512 23047 
7.2311769 66797 21600 23104 
7.2321181 66795 21664 23240 
7.2330551 66793 21702 23073 
7.2339926 66788 21781 23293 
7.2349396 66740 21782 23295 
7.2358751 66778 21884 23312 
7.2368202 66797 21919 23392 
7.2377605 66822 21975 23440 
7.2386994 66831 21954 23277 
7.2396364 66830 21964 23464 
7.2405777 66838 21998 23425 
7.2415237 66807 21982 23276 
7.2424726 66894 22042 23384 
7.2434216 66944 22067 23461 
7.2443643 66970 22065 23449 
7.245307 67001 22063 23459 
7.2462478 67027 22077 23338 
7.2471843 67070 22083 23470 
7.2481208 67041 22082 23463 
7.2490649 67045 22121 23496 
7.2500043 67081 22161 23412 
7.2509508 67085 22231 23415 
7.2518973 67086 22254 23504 
7.2528491 67109 22274 23528 
7.2537942 67075 22365 23638 
7.254735 66956 22365 23517 
7.2556782 66109 22130 23494 
7.2566218 66711 22386 23534 
7.2575703 67199 22590 23614 
7.258512 67180 22613 23536 
7.2594585 67180 22633 23601 
7.2604008 67184 22700 23614 
7.2613482 67205 22709 23553 
7.2622933 67181 22748 23665 
7.2632432 67212 22774 23743 
7.2641864 67220 22802 23745 
7.2651343 67195 22810 23658 
7.2660875 67205 22824 23642 
7.2670426 67221 22898 23643 
7.2679963 67198 22922 23671 
7.2689452 67182 22921 23622 
7.2698903 67188 22959 23635 
7.270833 67211 22984 23686 
7.271781 67183 23060 23657 
7.2727332 67194 23103 23704 
7.2736859 67267 23173 23711 
7.2746325 67217 23222 23696 
7.2755857 67230 23313 23716 
7.2765412 67237 23341 23785 
7.2774906 67238 23400 23734 
7.27844 67238 23488 23847 
7.2793875 67265 23559 23875 
7.2803373 67267 23607 23970 
7.2812943 67226 23697 23905 
7.2822495 67264 23810 23863 
7.2832003 67294 23883 23834 
7.2841558 67299 23967 23904 
7.2851048 67324 24028 23886 
7.2860541 67391 24127 23939 
7.2870059 67370 24174 24071 
7.2879581 67444 24326 23956 
7.2889104 67468 24409 24116 
7.289865 67475 24504 24208 
7.2908225 67499 24518 24246 
7.2917824 67558 24603 24176 
7.2927337 67493 24649 24297 
7.2936807 67537 24640 24238 
7.2946391 67577 24778 24394 
7.2956018 67555 24823 24418 
7.2965565 67578 24869 24484 
7.2975111 67553 24892 24385 
7.2984705 67570 24870 24585 
7.2994328 67601 24924 24473 
7.3003879 67589 24957 24494 
7.3013458 67630 25028 24540 
7.3023019 67619 25020 24508 
7.303256 67632 25028 24560 
7.3042102 67662 25076 24481 
7.3051691 67658 25057 24766 
7.3061261 67685 25114 24636 
7.307086 67727 25163 24706 
7.3080454 67754 25246 24716 
7.3090057 67798 25262 24717 
7.3099685 67791 25259 24747 
7.3109221 67842 25310 24636 
7.311883 67824 25349 24654 
7.3128419 67852 25386 24702 
7.3138032 67891 25439 24730 
7.3147626 67901 25478 24627 
7.3157268 67940 25503 24805 
7.316689 67943 25510 24756 
7.3176513 67914 25530 24779 
7.3186073 67961 25574 24789 
7.3195701 67914 25656 24776 
7.3205333 67973 25739 24851 
7.3215013 67936 25717 25029 
7.322463 67962 25792 24893 
7.3234224 67942 25800 24923 
7.3243914 67934 25884 24918 
7.3253555 67967 25941 25007 
7.3263226 67958 25995 24962 
7.3272877 68003 26060 24985 
7.3282576 68000 26128 24924 
7.3292212 67982 26168 25083 
7.3301802 68011 26235 25137 
7.3311462 68036 26229 25007 
7.3321171 68108 26328 25169 
7.3330836 68096 26416 25126 
7.3340554 68056 26429 25302 
7.3350224 68094 26504 25299 
7.3359876 68077 26548 25300 
7.336946 68117 26627 25343 
7.3379097 68084 26731 25425 
7.3388777 67926 26713 25290 
7.3398395 67412 26605 25430 
7.340806 67794 26789 25315 
7.3417726 67957 26911 25454 
7.3427491 67990 27005 25427 
7.3437209 68026 26979 25418 
7.3446951 68019 27099 25444 
7.3456607 68052 27171 25461 
7.3466244 68085 27244 25519 
7.3475833 68063 27298 25508 
7.3485518 68099 27374 25578 
7.3495302 68097 27431 25605 
7.3505039 68108 27519 25640 
7.35148 68124 27480 25532 
7.3524566 68124 27511 25570 
7.3534288 68130 27622 25555 
7.3543921 68094 27647 25627 
7.3553534 68125 27680 25386 
7.3563194 68103 27712 25596 
7.3572974 68172 27801 25647 
7.3582711 68189 27864 25707 
7.359252 68197 27848 25676 
7.3602352 68231 27965 25722 
7.3612142 68231 28051 25889 
7.3621817 68270 28152 25788 
7.3631568 68278 28171 25821 
7.3641295 68300 28221 25801 
7.3651094 68329 28305 25846 
7.3660855 68306 28321 25878 
7.3670616 68345 28402 25872 
7.3680401 68343 28494 25941 
7.3690143 68366 28556 25947 
7.3699908 68369 28609 25981 
7.3709636 68410 28715 26027 
7.3719382 68408 28777 26139 
7.3729138 68425 28795 26024 
7.3738847 68422 28797 26087 
7.3748627 68397 28820 26137 
7.3758483 68443 28900 26138 
7.376822 68433 28980 26460 
7.3777919 68434 29022 26210 
7.3787732 68489 29110 26273 
7.3797598 68472 29122 26286 
7.3807397 68473 29149 26136 
7.3817148 68461 29233 26315 
7.3826952 68467 29355 26496 
7.3836827 68491 29386 26593 
7.3846588 68503 29420 26649 
7.3856401 68503 29474 26581 
7.3866239 68536 29469 26648 
7.3876052 68493 29504 26691 
7.3885827 68513 29598 26660 
7.3895626 68562 29646 26738 
7.3905401 68552 29730 26888 
7.3915186 68587 29796 26752 
7.3924947 68585 29887 26727 
7.3934755 68591 29966 26876 
7.3944569 68587 29947 26990 
7.3954334 68601 29975 26997 
7.3964152 68672 30079 26832 
7.3974042 68663 30195 26980 
7.398396 68654 30218 26981 
7.3993716 68656 30247 26942 
7.4003496 68665 30319 27057 
7.4013371 68685 30392 27091 
7.4023256 68709 30441 27083 
7.4033136 68734 30465 27190 
7.4043021 68738 30545 27148 
7.4052982 68753 30594 27203 
7.4062829 68747 30672 27149 
7.4072604 68761 30754 27165 
7.4082456 68769 30767 27268 
7.4092283 68803 30889 27306 
7.4102068 68804 30918 27334 
7.411202 68797 30993 27334 
7.4121976 68815 31109 27443 
7.4131932 68821 31235 27339 
7.4141846 68773 31283 27502 
7.4151764 68802 31312 27400 
7.4161682 68815 31343 27563 
7.4171557 68829 31451 27554 
7.4181433 68805 31536 27573 
7.419136 68815 31584 27607 
7.4201293 68849 31645 27652 
7.4211226 68826 31710 27700 
7.422111 68863 31780 27776 
7.4231005 68889 31792 27451 
7.4240899 68874 31827 27631 
7.4250793 68884 31880 27746 
7.4260645 68883 31949 27755 
7.4270549 68880 32050 27934 
7.42805 68886 32089 27924 
7.4290457 68875 32223 27939 
7.4300437 68895 32199 28075 
7.4310327 68924 32300 27948 
7.432024 68896 32324 28044 
7.4330139 68921 32390 27993 
7.4340105 68901 32410 27986 
7.4350052 68933 32531 28179 
7.4360003 68910 32597 28082 
7.4369979 68943 32652 28296 
7.4379935 69011 32726 28134 
7.4389873 68932 32777 28179 
7.439981 68969 32813 28223 
7.4409657 69021 32970 28310 
7.4419551 68964 32943 28222 
7.4429498 69017 33059 28361 
7.4439402 69007 33010 28251 
7.4449353 69034 33139 28259 
7.4459352 69031 33202 28224 
7.4469357 69019 33247 28225 
7.447927 69020 33280 28327 
7.4489284 68987 33296 28397 
7.449934 68972 33446 28459 
7.4509358 68968 33461 28463 
7.4519329 68948 33493 28561 
7.45293 68932 33527 28551 
7.4539328 68893 33625 28520 
7.4549308 68804 33675 28545 
7.4559336 68483 33565 28466 
7.4569368 67458 33083 28377 
7.4579401 68049 33451 28517 
7.4589396 69125 33995 28667 
7.4599338 69135 34068 28791 
7.4609385 69115 34138 28920 
7.4619474 69090 34183 28804 
7.4629478 69081 34302 28963 
7.463953 69074 34339 28944 
7.4649587 69072 34321 28984 
7.4659643 69070 34402 29005 
7.4669609 69033 34448 29092 
7.4679646 69042 34548 29066 
7.4689736 69034 34588 29187 
7.4699759 69044 34689 29198 
7.4709783 69046 34695 29298 
7.4719858 69097 34843 29280 
7.4729934 69062 34795 29394 
7.4739943 69058 34874 29424 
7.474998 69083 34954 29227 
7.4760065 69052 35043 29526 
7.4770107 69073 35110 29697 
7.4780102 69111 35203 29592 
7.4790125 69083 35303 29623 
7.480022 69115 35358 29700 
7.4810319 69123 35431 29616 
7.4820375 69102 35464 29791 
7.4830432 69151 35599 29853 
7.4840541 69170 35665 29946 
7.4850678 69198 35748 29923 
7.4860673 69188 35804 30020 
7.4870691 69231 35860 30061 
7.4880791 69251 35923 29994 
7.489079 69277 35987 30138 
7.490087 69311 36104 30289 
7.4910998 69313 36186 30277 
7.4921174 69324 36256 30321 
7.4931307 69319 36388 30358 
7.4941349 69351 36443 30499 
7.4951372 69375 36486 30395 
7.496139 69381 36630 30536 
7.4971442 69430 36696 30545 
7.4981613 69488 36785 30636 
7.4991813 69469 36813 30610 
7.5001988 69463 36918 30640 
7.5012097 69455 37018 30688 
7.5022187 69470 37040 30662 
7.5032349 69479 37113 30787 
7.5042415 69465 37144 30911 
7.5052538 69512 37278 30916 
7.5062733 69474 37350 30993 
7.5072904 69487 37382 31022 
7.5083127 69491 37474 31115 
7.5093355 69520 37583 31040 
7.5103588 69501 37607 31062 
7.5113769 69517 37709 31144 
7.5123911 69505 37747 31129 
7.5134006 69523 37879 31225 
7.5144153 69520 37921 31209 
7.51543 69506 38013 31252 
7.5164475 69505 38070 31467 
7.5174699 69472 38139 31470 
7.5184903 69362 38137 31401 
7.5195065 68469 37711 31154 
7.5205202 65569 36220 30620 
7.5215368 67993 37595 31229 
7.5225563 69267 38362 31675 
7.5235705 69388 38494 31750 
7.5245953 69428 38610 31634 
7.5256133 69394 38697 31734 
7.5266261 69448 38717 31749 
7.5276399 69410 38764 31739 
7.5286584 69424 38812 31882 
7.5296817 69416 38902 31833 
7.5307012 69417 38914 31936 
7.5317178 69410 39023 31878 
7.5327425 69416 39124 31923 
7.533772 69407 39151 32172 
7.5347924 69392 39203 32054 
7.5358105 69392 39288 31942 
7.5368314 69412 39394 32088 
7.5378571 69410 39421 32102 
7.5388737 69421 39535 32135 
7.5398932 69400 39488 32285 
7.540915 69418 39619 32167 
7.5419397 69415 39678 32390 
7.5429573 69428 39752 32317 
7.5439901 69432 39854 32524 
7.5450177 69453 39984 32589 
7.5460439 69450 40049 32529 
7.5470748 69476 40219 32748 
7.5480986 69527 40278 32741 
7.5491233 69497 40296 32722 
7.5501475 69510 40425 32785 
7.5511823 69546 40457 32903 
7.5522146 69582 40576 32876 
7.5532451 69618 40676 32848 
7.5542731 69630 40721 32904 
7.5553041 69625 40745 33120 
7.556335 69654 40846 33071 
7.5573616 69655 40922 33101 
7.5583839 69685 41014 33231 
7.5594134 69677 41020 33197 
7.5604482 69667 41082 33212 
7.5614786 69743 41215 33466 
7.5625091 69723 41232 33415 
7.5635419 69739 41364 33379 
7.5645757 69728 41444 33391 
7.5656047 69739 41528 33504 
7.5666289 69744 41619 33514 
7.5676584 69782 41594 33451 
7.5686855 69802 41737 33621 
7.5697184 69790 41824 33717 
7.5707536 69807 41861 33764 
7.5717893 69817 41984 33963 
7.5728273 69813 42097 33944 
7.5738564 69805 42182 34015 
7.5748878 69864 42285 34143 
7.575922 69871 42409 34209 
7.5769567 69859 42428 34254 
7.5779891 69867 42555 34346 
7.5790243 69849 42596 34358 
7.5800595 69856 42675 34390 
7.5810976 69829 42797 34330 
7.5821266 69815 42828 34373 
7.5831504 69830 42969 34560 
7.584187 69864 42981 34664 
7.5852194 69809 43033 34574 
7.5862489 69887 43205 34749 
7.5872841 69858 43293 34824 
7.5883169 69790 43273 34904 
7.589355 69863 43480 34997 
7.5903959 69862 43541 35031 
7.5914321 69754 43587 34817 
7.5924687 69781 43584 35150 
7.5935054 69778 43728 35098 
7.5945525 69747 43679 35120 
7.5955896 69735 43797 35212 
7.5966225 69668 43804 35199 
7.5976582 69686 43874 35235 
7.5987039 69679 43963 35248 
7.5997472 69646 44023 35374 
7.600791 69666 44074 35342 
7.60184 69613 44199 35508 
7.6028795 69604 44297 35545 
7.6039143 69623 44413 35640 
7.6049447 69581 44333 35638 
7.6059899 69539 44382 35773 
7.6070404 69441 44430 35819 
7.6080914 69206 44287 35611 
7.6091423 68354 43874 35414 
7.6101885 68885 44303 35661 
7.6112404 69701 44895 36101 
7.6122828 69751 45096 36182 
7.6133199 69736 45171 36170 
7.6143675 69789 45381 36330 
7.615418 69776 45436 36474 
7.6164541 69788 45498 36357 
7.6174927 69794 45584 36597 
7.6185365 69848 45665 36619 
7.6195908 69827 45752 36605 
7.6206303 69870 45907 36800 
7.6216702 69919 46026 36911 
7.6227102 69938 46112 36897 
7.6237555 69938 46218 36971 
7.6247988 69947 46249 36941 
7.6258473 69955 46327 37063 
7.6268959 69971 46396 37009 
7.6279426 69979 46428 37122 
7.6289921 69999 46599 37213 
7.630044 69513 46335 37139 
7.6310964 69734 46606 37356 
7.6321392 69926 46728 37264 
7.6331873 69941 46836 37381 
7.6342406 69957 46878 37580 
7.6352892 69959 46958 37571 
7.6363382 69963 47109 37662 
7.6373925 69970 47280 37798 
7.6384521 69998 47397 37709 
7.6394968 70015 47463 37863 
7.640542 69975 47472 37876 
7.6415925 69962 47555 38131 
7.6426435 69973 47678 38015 
7.6436992 69990 47682 38155 
7.6447558 69990 47774 38185 
7.6458125 69987 47859 38363 
7.6468592 69980 48040 38362 
7.6479216 69981 48068 38407 
7.6489768 69965 48058 38359 
7.6500268 69983 48187 38481 
7.6510777 69981 48263 38584 
7.6521335 69968 48352 38555 
7.6531973 69946 48453 38694 
7.6542516 69978 48533 38644 
7.6553106 69968 48577 38731 
7.6563678 69919 48658 38856 
7.6574254 69934 48841 38905 
7.6584759 69909 48875 38906 
7.6595311 69878 48944 38973 
7.6605873 69880 48957 39153 
7.6616459 69873 49028 39085 
7.6627073 69887 49148 39213 
7.6637669 69854 49201 39267 
7.6648335 69864 49333 39341 
7.6658859 69834 49373 39387 
7.666944 69833 49493 39346 
7.6680069 69696 49416 39416 
7.669065 68929 49032 39135 
7.6701236 68072 48532 38855 
7.6711903 69777 49878 39661 
7.6722517 69853 49890 39791 
7.6733112 69852 49985 39717 
7.6743712 69846 50007 39966 
7.6754313 69823 50138 39694 
7.6764965 69846 50248 39992 
7.6775522 69823 50361 40051 
7.6786137 69825 50501 40174 
7.6796746 69816 50575 40295 
7.6807313 69847 50736 40287 
7.6817985 69834 50665 40248 
7.6828709 69830 50710 40257 
7.683938 69811 50874 40594 
7.6849961 69820 51007 40646 
7.6860695 69839 51046 40632 
7.6871352 69831 51132 40727 
7.6881967 69818 51252 40807 
7.6892557 69827 51302 40913 
7.6903248 69839 51410 40844 
7.6913996 69861 51542 41141 
7.6924648 69857 51630 41153 
7.6935301 69869 51701 41283 
7.6945958 69892 51826 41186 
7.6956668 69880 51907 41407 
7.696733 69897 52052 41381 
7.6978045 69893 52077 41556 
7.6988664 69922 52292 41536 
7.6999307 69918 52424 41662 
7.7010059 69936 52482 41652 
7.7020812 69918 52552 41890 
7.7031517 69934 52675 41940 
7.7042174 69933 52808 42028 
7.7052889 69948 52906 42266 
7.7063627 69916 52934 42254 
7.707437 69919 53077 42312 
7.7085018 69920 53174 42408 
7.7095718 69909 53151 42232 
7.7106471 69934 53430 42492 
7.7117224 69889 53422 42524 
7.7128034 69900 53471 42761 
7.7138796 69899 53698 42874 
7.714951 69894 53727 42777 
7.716013 69873 53813 43046 
7.7170796 69897 53871 43060 
7.718152 69863 54058 43011 
7.7192297 69864 54069 43156 
7.7203031 69869 54174 43165 
7.7213812 69870 54283 43287 
7.7224703 69848 54273 43501 
7.7235441 69853 54375 43437 
7.7246184 69845 54431 43691 
7.7256904 69815 54558 43579 
7.7267675 69802 54646 43583 
7.7278404 69761 54692 43742 
7.7289133 69787 54829 43762 
7.7299967 69724 54812 43789 
7.7310805 69685 54905 43982 
7.7321568 69678 55010 43979 
7.7332358 69641 55159 44202 
7.7343106 69627 55173 44136 
7.7353854 69542 55334 44335 
7.7364602 69465 55282 44391 
7.7375436 69271 55216 44358 
7.7386317 68764 55023 44204 
7.7397132 67184 53865 43634 
7.7407894 67610 54260 43651 
7.7418685 70001 56238 44784 
7.7429504 70111 56398 44837 
7.7440228 70088 56527 44973 
7.7451081 70069 56648 45331 
7.7461934 70016 56696 45637 
7.7472796 70002 56772 45472 
7.7483606 70073 56932 45611 
7.7494421 69994 56897 45691 
7.7505312 70027 57001 45653 
7.7516136 70055 57094 45826 
7.7526984 70051 57254 45823 
7.7537785 70062 57326 46018 
7.7548614 70056 57394 46046 
7.7559419 70045 57425 46032 
7.7570305 70058 57626 46238 
7.7581224 70041 57677 46204 
7.7592144 70043 57728 46366 
7.7602963 70027 57751 46439 
7.7613783 70008 57958 46493 
7.7624712 70031 58012 46580 
7.763557 70010 58155 46754 
7.7646451 70025 58319 46931 
7.7657366 69992 58365 46783 
7.7668281 69985 58416 46950 
7.7679172 69973 58485 46952 
7.769012 69983 58630 47073 
7.7701044 69980 58684 47141 
7.7711949 69960 58875 47197 
7.772275 69967 58896 47493 
7.7733636 69996 58941 47247 
7.774457 69972 59009 47584 
7.7755513 69993 59159 47714 
7.7766457 69976 59305 47726 
7.7777405 69993 59383 47823 
7.7788353 69976 59503 47961 
7.7799282 70020 59657 47948 
7.7810163 69984 59747 48177 
7.7821045 69962 59923 48284 
7.7831984 69982 59963 48356 
7.784277 69978 60039 48444 
7.7853713 69943 60218 48677 
7.7864633 69964 60296 48561 
7.7875557 69925 60417 48615 
7.788651 69955 60584 48826 
7.7897491 69913 60686 49041 
7.7908454 69950 60774 49040 
7.7919335 69926 60811 49053 
7.7930226 69941 60904 49191 
7.7941194 69947 61024 49307 
7.7952218 69959 61280 49539 
7.7963114 69931 61365 49575 
7.7974172 69946 61503 49647 
7.7985182 69949 61414 49624 
7.7996192 69952 61557 49901 
7.8007178 69927 61627 49900 
7.8018122 69955 61787 49882 
7.8029089 69956 61933 50088 
7.8040061 69936 61933 50112 
7.8051038 69951 62148 50156 
7.8062119 69948 62225 50314 
7.807323 69951 62420 50559 
7.8084216 69956 62474 50638 
7.8095179 69945 62523 50700 
7.8106117 69934 62642 50769 
7.8117061 69913 62780 50853 
7.8128004 69932 62815 50918 
7.8139081 69926 63032 50993 
7.8150191 69900 63110 51045 
7.8161278 69872 63228 51295 
7.8172312 69890 63317 51336 
7.8183379 69893 63325 51405 
7.8194475 69882 63526 51412 
7.8205419 69876 63519 51507 
7.8216414 69888 63575 51696 
7.8227596 69892 63709 51740 
7.8238707 69896 63839 51991 
7.8249688 69741 63787 51883 
7.8260798 69715 63848 51916 
7.8271842 69831 64102 52014 
7.8282909 69867 64255 52216 
7.8293877 69862 64365 52461 
7.8304849 69838 64405 52256 
7.8315873 69846 64528 52599 
7.8326931 69851 64680 52568 
7.8337989 69840 64788 52711 
7.8349156 69832 64866 52828 
7.8360271 69818 65013 52992 
7.8371339 69812 65091 53023 
7.8382359 69750 65256 53096 
7.8393407 69751 65408 53413 
7.8404565 69678 65499 53395 
7.8415647 69567 65541 53481 
7.8426733 69186 65163 53394 
7.8437872 68751 64904 53133 
7.8448963 68012 64316 52873 
7.8460031 67198 63816 52501 
7.8471208 69812 66353 54132 
7.8482361 70195 66792 54579 
7.8493466 70201 66804 54583 
7.8504653 70150 66896 54608 
7.8515792 70052 66985 54674 
7.8526983 70115 67058 54903 
7.8538074 70154 67280 54932 
7.8549275 70176 67435 55250 
7.8560505 70159 67529 55344 
7.8571658 70151 67635 55397 
7.8582759 70182 67800 55552 
7.8593922 70148 67836 55566 
7.8605056 70130 67895 55688 
7.8616276 70082 67926 55821 
7.8627396 70126 68202 55840 
7.8638539 70096 68313 55958 
7.8649797 70105 68497 56125 
7.8660951 70110 68499 56156 
7.8672161 70063 68567 56209 
7.8683343 70094 68810 56512 
7.8694482 70112 68889 56468 
7.8705597 70026 68880 56678 
7.8716712 69740 68639 56602 
7.8727884 69931 68920 56823 
7.8739142 70011 69061 56820 
7.8750296 70022 69251 56989 
7.876153 70006 69347 57226 
7.8772769 70030 69421 57386 
7.8784065 70034 69666 57524 
7.8795228 70001 69734 57516 
7.8806424 70005 69819 57629 
7.8817654 69989 69884 57666 
7.8828883 70027 70095 57912 
7.8840113 69992 70218 58003 
7.8851347 70031 70384 58116 
7.8862615 69996 70387 58172 
7.8873806 69962 70503 58320 
7.8885021 69952 70758 58520 
7.8896165 70002 71018 58763 
7.8907337 69952 71163 58807 
7.8918462 69973 71173 58878 
7.892972 69972 71288 59120 
7.8941035 69967 71360 59136 
7.8952298 69941 71389 59374 
7.8963571 69972 71591 59478 
7.8974843 69967 71596 59414 
7.8986144 69971 71678 59499 
7.8997369 69944 71866 59714 
7.9008598 69957 72033 59795 
7.901988 69775 71942 59828 
7.9031224 69856 72158 60126 
7.9042492 69903 72442 60168 
7.9053864 69895 72464 60480 
7.9065218 69914 72660 60621 
7.9076519 69939 72820 60700 
7.908772 69908 72971 60811 
7.9098921 69937 73243 61012 
7.9110231 69933 73254 61151 
7.9121547 69891 73315 61324 
7.9132948 69941 73513 61351 
7.9144349 69926 73636 61537 
7.9155755 69841 73584 61389 
7.9167085 69874 73831 61678 
7.9178414 69892 73925 61857 
7.9189754 69840 73974 61987 
7.9201093 69798 73997 61867 
7.9212408 69658 74006 61907 
7.9223723 69042 73487 61691 
7.9235072 68735 73296 61647 
7.9246478 69732 74497 62493 
7.9257836 69850 74770 62554 
7.9269195 69892 74872 62815 
7.9280529 69893 75031 62978 
7.9291868 69855 75108 63044 
7.930316 69867 75249 63324 
7.9314451 69825 75298 63349 
7.9325852 69846 75492 63452 
7.9337258 69824 75580 63650 
7.9348588 69841 75790 63611 
7.9360056 69813 75912 63901 
7.9371443 69820 76097 63971 
7.9382758 69800 76223 64247 
7.9394126 69803 76209 64453 
7.9405551 69791 76457 64636 
7.9417009 69798 76550 64558 
7.9428363 69789 76760 64745 
7.9439769 69783 76724 64857 
7.9451184 69815 76896 65010 
7.9462628 69784 76949 64997 
7.9473991 69800 77070 65203 
7.9485445 69796 77327 65639 
7.9496841 69794 77431 65727 
7.9508166 69781 77737 65733 
7.9519463 69745 77813 65962 
7.9530845 69790 77896 65840 
7.9542313 69748 78123 66270 
7.9553809 69774 78292 66427 
7.9565282 69786 78449 66538 
7.9576759 69772 78486 66700 
7.9588161 69793 78579 66883 
7.9599619 69770 78708 66924 
7.9611077 69788 78871 67185 
7.9622569 69790 78970 67299 
7.9634147 69776 79142 67361 
7.9645591 69833 79312 67555 
7.9657063 69779 79455 67818 
7.9668512 69835 79585 67830 
7.9680047 69805 79716 68157 
7.9691453 69814 79841 68078 
7.9702888 69839 79908 68419 
7.9714351 69829 80092 68406 
7.9725842 69859 80406 68683 
7.9737368 69844 80382 68702 
7.9748874 69858 80532 68991 
7.9760375 69856 80612 69086 
7.9771886 69835 80804 69193 
7.9783397 69841 80919 69391 
7.9794941 69793 81162 69593 
7.9806433 69806 81230 69618 
7.9817953 69740 81229 69870 
7.9829478 69741 81393 69779 
7.9840951 69731 81423 70111 
7.9852486 69633 81674 70220 
7.9864049 69501 81498 70170 
7.987556 69215 81211 70142 
7.9887075 68994 81130 69985 
7.9898596 69689 82129 70733 
7.9910064 69942 82585 71246 
7.9921589 69932 82540 71155 
7.9933171 69923 82714 71230 
7.9944787 69901 82773 71497 
7.995635 69883 82942 71624 
7.9967918 69846 82982 71811 
7.9979434 69856 83099 72004 
7.9990978 69866 83282 72045 
7.9999027 69857 83378 72138 
8.000083 69841 83473 72308 
