# created: Tue Oct 20 19:07:06 2015
# from file: scan14.txt
# No: 731  [E0: 0,0,0,-1]
#---------------------------------------------------------------------
#       X                  Y
1.8766000000E+001  -7.2355482538E-001
1.8770000000E+001  -7.2364216586E-001
1.8774000000E+001  -7.2410218990E-001
1.8778000000E+001  -7.2469301445E-001
1.8782000000E+001  -7.2539483127E-001
1.8786000000E+001  -7.2651300623E-001
1.8790000000E+001  -7.2693981660E-001
1.8794000000E+001  -7.2738005034E-001
1.8798000000E+001  -7.2762919834E-001
1.8802000000E+001  -7.2894524763E-001
1.8806000000E+001  -7.2966065758E-001
1.8810000000E+001  -7.3019263320E-001
1.8814000000E+001  -7.3113403508E-001
1.8818000000E+001  -7.3173628162E-001
1.8822000000E+001  -7.3155512150E-001
1.8826000000E+001  -7.3295279819E-001
1.8830000000E+001  -7.3366543357E-001
1.8834000000E+001  -7.3378847027E-001
1.8838000000E+001  -7.3478336789E-001
1.8842000000E+001  -7.3515631690E-001
1.8846000000E+001  -7.3634822473E-001
1.8850000000E+001  -7.3696090477E-001
1.8854000000E+001  -7.3728277184E-001
1.8858000000E+001  -7.3745410504E-001
1.8862000000E+001  -7.3870989419E-001
1.8866000000E+001  -7.3906205178E-001
1.8870000000E+001  -7.3924441580E-001
1.8874000000E+001  -7.3985186355E-001
1.8878000000E+001  -7.4050455193E-001
1.8882000000E+001  -7.4122107343E-001
1.8886000000E+001  -7.4176631730E-001
1.8890000000E+001  -7.4201151153E-001
1.8894000000E+001  -7.4230769019E-001
1.8898000000E+001  -7.4265004080E-001
1.8902000000E+001  -7.4323069984E-001
1.8906000000E+001  -7.4305065539E-001
1.8910000000E+001  -7.4378484776E-001
1.8914000000E+001  -7.4292856242E-001
1.8918000000E+001  -7.4369208497E-001
1.8922000000E+001  -7.4363681792E-001
1.8926000000E+001  -7.4385869430E-001
1.8930000000E+001  -7.4338907612E-001
1.8934000000E+001  -7.4332885013E-001
1.8938000000E+001  -7.4239281482E-001
1.8942000000E+001  -7.4109832075E-001
1.8946000000E+001  -7.3999557559E-001
1.8950000000E+001  -7.3824104537E-001
1.8954000000E+001  -7.3550560186E-001
1.8958000000E+001  -7.3241784125E-001
1.8962000000E+001  -7.2787529141E-001
1.8966000000E+001  -7.2128869744E-001
1.8966500000E+001  -7.2079388291E-001
1.8967000000E+001  -7.1922579278E-001
1.8967500000E+001  -7.1794474424E-001
1.8968000000E+001  -7.1726556898E-001
1.8968500000E+001  -7.1633669851E-001
1.8969000000E+001  -7.1450171720E-001
1.8969500000E+001  -7.1288403857E-001
1.8970000000E+001  -7.1166559186E-001
1.8970500000E+001  -7.0967964281E-001
1.8971000000E+001  -7.0855299343E-001
1.8971500000E+001  -7.0638855898E-001
1.8972000000E+001  -7.0460283636E-001
1.8972500000E+001  -7.0237349162E-001
1.8973000000E+001  -7.0028614804E-001
1.8973500000E+001  -6.9821774765E-001
1.8974000000E+001  -6.9540833157E-001
1.8974500000E+001  -6.9295833198E-001
1.8975000000E+001  -6.9026012755E-001
1.8975500000E+001  -6.8676617168E-001
1.8976000000E+001  -6.8342149448E-001
1.8976500000E+001  -6.7901158388E-001
1.8977000000E+001  -6.7512621153E-001
1.8977500000E+001  -6.7006936848E-001
1.8978000000E+001  -6.6462141407E-001
1.8978500000E+001  -6.5874409313E-001
1.8979000000E+001  -6.5270781013E-001
1.8979500000E+001  -6.4552539239E-001
1.8980000000E+001  -6.3624333687E-001
1.8980500000E+001  -6.2738897408E-001
1.8981000000E+001  -6.1550818098E-001
1.8981500000E+001  -6.0266050449E-001
1.8982000000E+001  -5.8658888801E-001
1.8982500000E+001  -5.6709331842E-001
1.8983000000E+001  -5.4241122290E-001
1.8983500000E+001  -5.1178062794E-001
1.8984000000E+001  -4.7398737660E-001
1.8984500000E+001  -4.2611692128E-001
1.8985000000E+001  -3.6709519369E-001
1.8985500000E+001  -2.9526218421E-001
1.8986000000E+001  -2.1844560154E-001
1.8986500000E+001  -1.4406246627E-001
1.8987000000E+001  -7.6898753738E-002
1.8987500000E+001  -2.7800806863E-002
1.8988000000E+001  4.7091908699E-003
1.8988500000E+001  2.4396321970E-002
1.8989000000E+001  3.9659379119E-002
1.8989500000E+001  5.4543188627E-002
1.8990000000E+001  7.3695675500E-002
1.8990500000E+001  9.7763909721E-002
1.8991000000E+001  1.2655779951E-001
1.8991500000E+001  1.5955944464E-001
1.8992000000E+001  1.9676866206E-001
1.8992500000E+001  2.3496959592E-001
1.8993000000E+001  2.7607216394E-001
1.8993500000E+001  3.2118746040E-001
1.8994000000E+001  3.6552235460E-001
1.8994500000E+001  4.1065651783E-001
1.8995000000E+001  4.5666117912E-001
1.8995500000E+001  5.0629177632E-001
1.8996000000E+001  5.6110683083E-001
1.8996500000E+001  6.1967660759E-001
1.8997000000E+001  6.8206080957E-001
1.8997500000E+001  7.5152630023E-001
1.8998000000E+001  8.2484842242E-001
1.8998500000E+001  8.9354728397E-001
1.8999000000E+001  9.5943619942E-001
1.8999500000E+001  1.0176763585E+000
1.9000000000E+001  1.0690447078E+000
1.9000500000E+001  1.1111190238E+000
1.9001000000E+001  1.1420084972E+000
1.9001500000E+001  1.1651639052E+000
1.9002000000E+001  1.1799560486E+000
1.9002500000E+001  1.1843735973E+000
1.9003000000E+001  1.1794223268E+000
1.9003500000E+001  1.1656334828E+000
1.9004000000E+001  1.1429751409E+000
1.9004500000E+001  1.1161789970E+000
1.9005000000E+001  1.0890760286E+000
1.9005500000E+001  1.0646242269E+000
1.9006000000E+001  1.0432542111E+000
1.9007000000E+001  1.0174618129E+000
1.9008000000E+001  1.0146987282E+000
1.9009000000E+001  1.0276494118E+000
1.9010000000E+001  1.0473773371E+000
1.9011000000E+001  1.0658265347E+000
1.9012000000E+001  1.0781152852E+000
1.9013000000E+001  1.0813659015E+000
1.9014000000E+001  1.0811316818E+000
1.9015000000E+001  1.0758715479E+000
1.9016000000E+001  1.0737368857E+000
1.9017000000E+001  1.0770150359E+000
1.9018000000E+001  1.0865813021E+000
1.9019000000E+001  1.1025146235E+000
1.9020000000E+001  1.1193840742E+000
1.9021000000E+001  1.1384652073E+000
1.9022000000E+001  1.1561464151E+000
1.9023000000E+001  1.1737679948E+000
1.9024000000E+001  1.1921197259E+000
1.9025000000E+001  1.2098950461E+000
1.9026000000E+001  1.2259756033E+000
1.9027000000E+001  1.2351720276E+000
1.9028000000E+001  1.2353431086E+000
1.9029000000E+001  1.2243353774E+000
1.9030000000E+001  1.2031834423E+000
1.9031000000E+001  1.1744034795E+000
1.9032000000E+001  1.1439992573E+000
1.9033000000E+001  1.1148167107E+000
1.9034000000E+001  1.0903694769E+000
1.9035000000E+001  1.0708055018E+000
1.9036000000E+001  1.0561095783E+000
1.9037000000E+001  1.0460251916E+000
1.9038000000E+001  1.0422464933E+000
1.9039000000E+001  1.0412104843E+000
1.9040000000E+001  1.0439666609E+000
1.9041000000E+001  1.0484208803E+000
1.9042000000E+001  1.0552883797E+000
1.9043000000E+001  1.0629271425E+000
1.9044000000E+001  1.0702310017E+000
1.9045000000E+001  1.0746037695E+000
1.9046000000E+001  1.0760119500E+000
1.9047000000E+001  1.0754140459E+000
1.9048000000E+001  1.0727685310E+000
1.9049000000E+001  1.0680794638E+000
1.9050000000E+001  1.0629720310E+000
1.9051000000E+001  1.0563863421E+000
1.9052000000E+001  1.0517051610E+000
1.9053000000E+001  1.0457601236E+000
1.9054000000E+001  1.0395986079E+000
1.9055000000E+001  1.0363146240E+000
1.9056000000E+001  1.0335094720E+000
1.9057000000E+001  1.0329700962E+000
1.9058000000E+001  1.0347159349E+000
1.9059000000E+001  1.0402259513E+000
1.9060000000E+001  1.0507257419E+000
1.9061000000E+001  1.0628907885E+000
1.9062000000E+001  1.0761878092E+000
1.9063000000E+001  1.0902258973E+000
1.9064000000E+001  1.1026817156E+000
1.9065000000E+001  1.1124773088E+000
1.9066000000E+001  1.1208842517E+000
1.9067000000E+001  1.1247801336E+000
1.9068000000E+001  1.1261582438E+000
1.9069000000E+001  1.1215059552E+000
1.9070000000E+001  1.1139422105E+000
1.9071000000E+001  1.1025121436E+000
1.9072000000E+001  1.0896136843E+000
1.9073000000E+001  1.0748122784E+000
1.9074000000E+001  1.0603249202E+000
1.9075000000E+001  1.0479015244E+000
1.9076000000E+001  1.0370483613E+000
1.9077000000E+001  1.0293294946E+000
1.9078000000E+001  1.0240008973E+000
1.9079000000E+001  1.0219033058E+000
1.9080000000E+001  1.0215992205E+000
1.9081000000E+001  1.0236732661E+000
1.9082000000E+001  1.0253398568E+000
1.9083000000E+001  1.0273244054E+000
1.9084000000E+001  1.0282394792E+000
1.9085000000E+001  1.0290072159E+000
1.9086000000E+001  1.0283787261E+000
1.9087000000E+001  1.0275025266E+000
1.9088000000E+001  1.0274277214E+000
1.9089000000E+001  1.0271864921E+000
1.9090000000E+001  1.0259804906E+000
1.9091000000E+001  1.0270976087E+000
1.9092000000E+001  1.0269655639E+000
1.9093000000E+001  1.0285822231E+000
1.9094000000E+001  1.0291304707E+000
1.9095000000E+001  1.0335130108E+000
1.9096000000E+001  1.0362662577E+000
1.9097000000E+001  1.0408612822E+000
1.9098000000E+001  1.0455356597E+000
1.9099000000E+001  1.0509346449E+000
1.9100000000E+001  1.0560376060E+000
1.9101000000E+001  1.0606814339E+000
1.9102000000E+001  1.0655570258E+000
1.9103000000E+001  1.0690080834E+000
1.9104000000E+001  1.0714641543E+000
1.9105000000E+001  1.0720817432E+000
1.9106000000E+001  1.0711993988E+000
1.9108000000E+001  1.0655767019E+000
1.9110000000E+001  1.0549021627E+000
1.9112000000E+001  1.0427698195E+000
1.9114000000E+001  1.0291651161E+000
1.9116000000E+001  1.0138319526E+000
1.9118000000E+001  9.9807879327E-001
1.9120000000E+001  9.8423961205E-001
1.9122000000E+001  9.7597828430E-001
1.9124000000E+001  9.7050071424E-001
1.9126000000E+001  9.6647901553E-001
1.9128000000E+001  9.6250123624E-001
1.9130000000E+001  9.6039101891E-001
1.9132000000E+001  9.5986334481E-001
1.9134000000E+001  9.6315222384E-001
1.9136000000E+001  9.6702224034E-001
1.9138000000E+001  9.7337672994E-001
1.9140000000E+001  9.7761570463E-001
1.9142000000E+001  9.8052468297E-001
1.9144000000E+001  9.8315787699E-001
1.9146000000E+001  9.8412374281E-001
1.9148000000E+001  9.8317094908E-001
1.9150000000E+001  9.8172138332E-001
1.9152000000E+001  9.8255377821E-001
1.9154000000E+001  9.8856228419E-001
1.9156000000E+001  9.9968094466E-001
1.9158000000E+001  1.0125969116E+000
1.9160000000E+001  1.0255773654E+000
1.9162000000E+001  1.0346935177E+000
1.9164000000E+001  1.0404181706E+000
1.9166000000E+001  1.0388084068E+000
1.9168000000E+001  1.0327182701E+000
1.9170000000E+001  1.0221329121E+000
1.9172000000E+001  1.0055207815E+000
1.9174000000E+001  9.8575202875E-001
1.9176000000E+001  9.6411629627E-001
1.9178000000E+001  9.4198375986E-001
1.9180000000E+001  9.2154678040E-001
1.9182000000E+001  9.0557629813E-001
1.9184000000E+001  8.9388746563E-001
1.9186000000E+001  8.8949562079E-001
1.9188000000E+001  8.8986489651E-001
1.9190000000E+001  8.9259368330E-001
1.9192000000E+001  8.9579064781E-001
1.9194000000E+001  8.9907143496E-001
1.9196000000E+001  9.0042652805E-001
1.9198000000E+001  9.0216419466E-001
1.9200000000E+001  9.0398447164E-001
1.9202000000E+001  9.0697217325E-001
1.9204000000E+001  9.1204467147E-001
1.9206000000E+001  9.1801598525E-001
1.9208000000E+001  9.2527741167E-001
1.9210000000E+001  9.3309181999E-001
1.9212000000E+001  9.4133289843E-001
1.9214000000E+001  9.4828837683E-001
1.9216000000E+001  9.5577856952E-001
1.9218000000E+001  9.6129407629E-001
1.9220000000E+001  9.6557388094E-001
1.9222000000E+001  9.6849212581E-001
1.9224000000E+001  9.6981495722E-001
1.9226000000E+001  9.7117923101E-001
1.9228000000E+001  9.7005369242E-001
1.9230000000E+001  9.6985063514E-001
1.9232000000E+001  9.6867530151E-001
1.9234000000E+001  9.6557342808E-001
1.9236000000E+001  9.6222799218E-001
1.9238000000E+001  9.5655574989E-001
1.9240000000E+001  9.5046127620E-001
1.9242000000E+001  9.4357333605E-001
1.9244000000E+001  9.3555793281E-001
1.9246000000E+001  9.2582902910E-001
1.9248000000E+001  9.1535465807E-001
1.9250000000E+001  9.0629494787E-001
1.9252000000E+001  8.9710012892E-001
1.9254000000E+001  8.9008960251E-001
1.9256000000E+001  8.8322126812E-001
1.9258000000E+001  8.7784993440E-001
1.9260000000E+001  8.7224015438E-001
1.9262000000E+001  8.6785538633E-001
1.9264000000E+001  8.6493956244E-001
1.9266000000E+001  8.6423092417E-001
1.9268000000E+001  8.6515759983E-001
1.9270000000E+001  8.6837135816E-001
1.9272000000E+001  8.7243264299E-001
1.9274000000E+001  8.7709841705E-001
1.9276000000E+001  8.8199315505E-001
1.9278000000E+001  8.8711577561E-001
1.9280000000E+001  8.9191012006E-001
1.9282000000E+001  8.9627793975E-001
1.9284000000E+001  9.0052496969E-001
1.9286000000E+001  9.0377788854E-001
1.9288000000E+001  9.0774276590E-001
1.9290000000E+001  9.1014519404E-001
1.9292000000E+001  9.1204605793E-001
1.9294000000E+001  9.1419761491E-001
1.9296000000E+001  9.1471681362E-001
1.9298000000E+001  9.1475752368E-001
1.9300000000E+001  9.1436388499E-001
1.9302000000E+001  9.1297043306E-001
1.9304000000E+001  9.1123541033E-001
1.9306000000E+001  9.0872998331E-001
1.9308000000E+001  9.0576837238E-001
1.9310000000E+001  9.0219358013E-001
1.9312000000E+001  8.9976396526E-001
1.9314000000E+001  8.9692442831E-001
1.9316000000E+001  8.9461404149E-001
1.9318000000E+001  8.9289314917E-001
1.9320000000E+001  8.9013711108E-001
1.9322000000E+001  8.8815742427E-001
1.9324000000E+001  8.8418039284E-001
1.9326000000E+001  8.8016917337E-001
1.9328000000E+001  8.7531925514E-001
1.9330000000E+001  8.7144277454E-001
1.9332000000E+001  8.6597484903E-001
1.9334000000E+001  8.6243864986E-001
1.9336000000E+001  8.6030613186E-001
1.9338000000E+001  8.5800248180E-001
1.9340000000E+001  8.5593362193E-001
1.9342000000E+001  8.5418121852E-001
1.9344000000E+001  8.5301219536E-001
1.9346000000E+001  8.5092775722E-001
1.9348000000E+001  8.5010796345E-001
1.9350000000E+001  8.4784240110E-001
1.9352000000E+001  8.4645743300E-001
1.9354000000E+001  8.4582498126E-001
1.9356000000E+001  8.4487746529E-001
1.9358000000E+001  8.4524551898E-001
1.9360000000E+001  8.4704510247E-001
1.9362000000E+001  8.4711897719E-001
1.9364000000E+001  8.4931647287E-001
1.9366000000E+001  8.4958935629E-001
1.9368000000E+001  8.5020766740E-001
1.9370000000E+001  8.5057600288E-001
1.9372000000E+001  8.4962003830E-001
1.9374000000E+001  8.4943255709E-001
1.9376000000E+001  8.4917210113E-001
1.9378000000E+001  8.4717200658E-001
1.9380000000E+001  8.4730932368E-001
1.9382000000E+001  8.4649129746E-001
1.9384000000E+001  8.4547262003E-001
1.9386000000E+001  8.4589002931E-001
1.9388000000E+001  8.4622610676E-001
1.9390000000E+001  8.4562222438E-001
1.9392000000E+001  8.4641404263E-001
1.9394000000E+001  8.4679264662E-001
1.9396000000E+001  8.4744562840E-001
1.9398000000E+001  8.4749518282E-001
1.9400000000E+001  8.4693034859E-001
1.9402000000E+001  8.4700567631E-001
1.9404000000E+001  8.4679890604E-001
1.9406000000E+001  8.4539154058E-001
1.9408000000E+001  8.4407091328E-001
1.9410000000E+001  8.4143960195E-001
1.9412000000E+001  8.4010584365E-001
1.9414000000E+001  8.3873451286E-001
1.9416000000E+001  8.3645184043E-001
1.9418000000E+001  8.3429842156E-001
1.9420000000E+001  8.3127369238E-001
1.9422000000E+001  8.2923967875E-001
1.9424000000E+001  8.2655827004E-001
1.9426000000E+001  8.2370202796E-001
1.9428000000E+001  8.2140085967E-001
1.9430000000E+001  8.1864332585E-001
1.9432000000E+001  8.1769786199E-001
1.9434000000E+001  8.1571454694E-001
1.9436000000E+001  8.1450600527E-001
1.9438000000E+001  8.1367799130E-001
1.9440000000E+001  8.1307278838E-001
1.9442000000E+001  8.1214977685E-001
1.9444000000E+001  8.1164891836E-001
1.9446000000E+001  8.1033998258E-001
1.9448000000E+001  8.0986028234E-001
1.9450000000E+001  8.0867728342E-001
1.9452000000E+001  8.0843338893E-001
1.9454000000E+001  8.0742086302E-001
1.9456000000E+001  8.0656232578E-001
1.9458000000E+001  8.0549538771E-001
1.9460000000E+001  8.0530795651E-001
1.9462000000E+001  8.0416100944E-001
1.9464000000E+001  8.0290768382E-001
1.9466000000E+001  8.0223465756E-001
1.9468000000E+001  8.0061931458E-001
1.9470000000E+001  7.9963842101E-001
1.9472000000E+001  7.9846170695E-001
1.9474000000E+001  7.9854201210E-001
1.9476000000E+001  7.9688216773E-001
1.9478000000E+001  7.9728922667E-001
1.9480000000E+001  7.9690909440E-001
1.9482000000E+001  7.9631796226E-001
1.9484000000E+001  7.9547523229E-001
1.9486000000E+001  7.9527311080E-001
1.9488000000E+001  7.9462181614E-001
1.9490000000E+001  7.9406900169E-001
1.9492000000E+001  7.9231657105E-001
1.9494000000E+001  7.9149954651E-001
1.9496000000E+001  7.9148216855E-001
1.9498000000E+001  7.9119036964E-001
1.9500000000E+001  7.8983469165E-001
1.9502000000E+001  7.8957349010E-001
1.9504000000E+001  7.8915772804E-001
1.9506000000E+001  7.8816511245E-001
1.9508000000E+001  7.8763462164E-001
1.9510000000E+001  7.8852852738E-001
1.9512000000E+001  7.8778194485E-001
1.9514000000E+001  7.8832896522E-001
1.9516000000E+001  7.8818976873E-001
1.9518000000E+001  7.8781049827E-001
1.9520000000E+001  7.8784527417E-001
1.9522000000E+001  7.8713435431E-001
1.9524000000E+001  7.8583238726E-001
1.9526000000E+001  7.8480334280E-001
1.9528000000E+001  7.8339108216E-001
1.9530000000E+001  7.8255977308E-001
1.9532000000E+001  7.8077889205E-001
1.9534000000E+001  7.7841997892E-001
1.9536000000E+001  7.7606067282E-001
1.9538000000E+001  7.7416303547E-001
1.9540000000E+001  7.7194269982E-001
1.9542000000E+001  7.6950678651E-001
1.9544000000E+001  7.6745821684E-001
1.9546000000E+001  7.6614243025E-001
1.9548000000E+001  7.6374775800E-001
1.9550000000E+001  7.6254077083E-001
1.9552000000E+001  7.6075585216E-001
1.9554000000E+001  7.5977696753E-001
1.9556000000E+001  7.5855665843E-001
1.9558000000E+001  7.5784764564E-001
1.9560000000E+001  7.5676416686E-001
1.9562000000E+001  7.5503524154E-001
1.9564000000E+001  7.5400793966E-001
1.9566000000E+001  7.5285212618E-001
1.9568000000E+001  7.5168554584E-001
1.9570000000E+001  7.5113163274E-001
1.9572000000E+001  7.4998294558E-001
1.9574000000E+001  7.4908660494E-001
1.9576000000E+001  7.4834515335E-001
1.9578000000E+001  7.4717728989E-001
1.9580000000E+001  7.4693682202E-001
1.9582000000E+001  7.4660686652E-001
1.9584000000E+001  7.4545092286E-001
1.9586000000E+001  7.4577074219E-001
1.9588000000E+001  7.4563525305E-001
1.9590000000E+001  7.4453377874E-001
1.9592000000E+001  7.4441905410E-001
1.9594000000E+001  7.4377377122E-001
1.9596000000E+001  7.4233321101E-001
1.9598000000E+001  7.4251958970E-001
1.9600000000E+001  7.4163241515E-001
1.9602000000E+001  7.4093151372E-001
1.9604000000E+001  7.3977688339E-001
1.9606000000E+001  7.3924035073E-001
1.9610000000E+001  7.3847858810E-001
1.9614000000E+001  7.3687018268E-001
1.9618000000E+001  7.3546151024E-001
1.9622000000E+001  7.3385461194E-001
1.9626000000E+001  7.3304371885E-001
1.9630000000E+001  7.3177884442E-001
1.9634000000E+001  7.3027457188E-001
1.9638000000E+001  7.2828523746E-001
1.9642000000E+001  7.2599308060E-001
1.9646000000E+001  7.2308664516E-001
1.9650000000E+001  7.1993240602E-001
1.9654000000E+001  7.1758984064E-001
1.9658000000E+001  7.1527600402E-001
1.9662000000E+001  7.1181121314E-001
1.9666000000E+001  7.0930005863E-001
1.9670000000E+001  7.0735415109E-001
1.9674000000E+001  7.0456586291E-001
1.9678000000E+001  7.0279195411E-001
1.9682000000E+001  6.9999844360E-001
1.9686000000E+001  6.9801168697E-001
1.9690000000E+001  6.9557914181E-001
1.9694000000E+001  6.9365255343E-001
1.9698000000E+001  6.9165042076E-001
1.9702000000E+001  6.9014343313E-001
1.9706000000E+001  6.8927762158E-001
1.9710000000E+001  6.8839184909E-001
1.9714000000E+001  6.8695266567E-001
1.9718000000E+001  6.8636142552E-001
1.9722000000E+001  6.8528818285E-001
1.9726000000E+001  6.8359746896E-001
1.9730000000E+001  6.8201482863E-001
1.9734000000E+001  6.8039180295E-001
1.9738000000E+001  6.7871116592E-001
1.9742000000E+001  6.7723170451E-001
1.9746000000E+001  6.7565213640E-001
1.9750000000E+001  6.7378928208E-001
1.9754000000E+001  6.7221179057E-001
1.9758000000E+001  6.7005602241E-001
1.9762000000E+001  6.6851338213E-001
1.9766000000E+001  6.6624476195E-001
1.9770000000E+001  6.6346344820E-001
1.9774000000E+001  6.6186493938E-001
1.9778000000E+001  6.5908025136E-001
1.9782000000E+001  6.5722827975E-001
1.9786000000E+001  6.5458142502E-001
1.9790000000E+001  6.5319221033E-001
1.9794000000E+001  6.4977530683E-001
1.9798000000E+001  6.4801679364E-001
1.9802000000E+001  6.4640252332E-001
1.9806000000E+001  6.4435264983E-001
1.9810000000E+001  6.4199174192E-001
1.9814000000E+001  6.4034552489E-001
1.9818000000E+001  6.3844532356E-001
1.9822000000E+001  6.3700057502E-001
1.9826000000E+001  6.3651212807E-001
1.9830000000E+001  6.3412956084E-001
1.9834000000E+001  6.3300092574E-001
1.9838000000E+001  6.3111995795E-001
1.9842000000E+001  6.3025376709E-001
1.9846000000E+001  6.2811055094E-001
1.9850000000E+001  6.2645516090E-001
1.9854000000E+001  6.2488992040E-001
1.9858000000E+001  6.2285133642E-001
1.9862000000E+001  6.2069605280E-001
1.9866000000E+001  6.1959223412E-001
1.9870000000E+001  6.1814884301E-001
1.9874000000E+001  6.1638568011E-001
1.9878000000E+001  6.1460435610E-001
1.9882000000E+001  6.1294463832E-001
1.9886000000E+001  6.1082646979E-001
1.9890000000E+001  6.0960701771E-001
1.9894000000E+001  6.0787529941E-001
1.9898000000E+001  6.0575915589E-001
1.9902000000E+001  6.0402612309E-001
1.9906000000E+001  6.0212021070E-001
1.9910000000E+001  6.0003860307E-001
1.9914000000E+001  5.9781295689E-001
1.9918000000E+001  5.9604965696E-001
1.9922000000E+001  5.9391519616E-001
1.9926000000E+001  5.9180764069E-001
1.9930000000E+001  5.8923554694E-001
1.9934000000E+001  5.8842740126E-001
1.9938000000E+001  5.8653867784E-001
1.9942000000E+001  5.8468193745E-001
1.9946000000E+001  5.8303279094E-001
1.9950000000E+001  5.8095673951E-001
1.9954000000E+001  5.7886894487E-001
1.9958000000E+001  5.7801371209E-001
1.9962000000E+001  5.7599806448E-001
1.9966000000E+001  5.7449567903E-001
1.9970000000E+001  5.7347458424E-001
1.9974000000E+001  5.7049179096E-001
1.9978000000E+001  5.6965124353E-001
1.9982000000E+001  5.6744449972E-001
1.9986000000E+001  5.6664547772E-001
1.9990000000E+001  5.6482780665E-001
1.9994000000E+001  5.6260681708E-001
1.9998000000E+001  5.6101614884E-001
2.0002000000E+001  5.5971143692E-001
2.0006000000E+001  5.5762568515E-001
2.0010000000E+001  5.5632403027E-001
2.0014000000E+001  5.5513554580E-001
2.0018000000E+001  5.5325558820E-001
2.0022000000E+001  5.5038642404E-001
2.0026000000E+001  5.4869401981E-001
2.0030000000E+001  5.4755770610E-001
2.0034000000E+001  5.4626106041E-001
2.0038000000E+001  5.4364668878E-001
2.0042000000E+001  5.4217049720E-001
2.0046000000E+001  5.4031055510E-001
2.0050000000E+001  5.3880619783E-001
2.0054000000E+001  5.3721731671E-001
2.0058000000E+001  5.3595935587E-001
2.0062000000E+001  5.3307791204E-001
2.0066000000E+001  5.3211902125E-001
2.0070000000E+001  5.2982617025E-001
2.0074000000E+001  5.2846188536E-001
2.0078000000E+001  5.2645049592E-001
2.0082000000E+001  5.2581182371E-001
2.0086000000E+001  5.2343577343E-001
2.0090000000E+001  5.2185274931E-001
2.0094000000E+001  5.2001804948E-001
2.0098000000E+001  5.1844044681E-001
2.0102000000E+001  5.1609634873E-001
2.0106000000E+001  5.1501496471E-001
2.0110000000E+001  5.1301728653E-001
2.0114000000E+001  5.1082913106E-001
2.0118000000E+001  5.1039125103E-001
2.0122000000E+001  5.0806877432E-001
2.0126000000E+001  5.0724309415E-001
2.0130000000E+001  5.0546078197E-001
2.0134000000E+001  5.0323267482E-001
2.0138000000E+001  5.0177912307E-001
2.0142000000E+001  5.0005815696E-001
2.0146000000E+001  4.9833246508E-001
2.0150000000E+001  4.9663198636E-001
2.0154000000E+001  4.9486826765E-001
2.0158000000E+001  4.9352862579E-001
2.0162000000E+001  4.9217813466E-001
2.0166000000E+001  4.8962236797E-001
2.0170000000E+001  4.8821767798E-001
2.0174000000E+001  4.8720375338E-001
2.0178000000E+001  4.8587233307E-001
2.0182000000E+001  4.8291620496E-001
2.0186000000E+001  4.8188248940E-001
2.0190000000E+001  4.7993003271E-001
2.0194000000E+001  4.7839794447E-001
2.0198000000E+001  4.7736132568E-001
2.0202000000E+001  4.7512785152E-001
2.0206000000E+001  4.7310378674E-001
2.0210000000E+001  4.7166989874E-001
2.0214000000E+001  4.6940578486E-001
2.0218000000E+001  4.6851647401E-001
2.0222000000E+001  4.6677677908E-001
2.0226000000E+001  4.6544570787E-001
2.0230000000E+001  4.6305615895E-001
2.0234000000E+001  4.6153183689E-001
2.0238000000E+001  4.6041929577E-001
2.0242000000E+001  4.5816108696E-001
2.0246000000E+001  4.5685762419E-001
2.0250000000E+001  4.5518941603E-001
2.0254000000E+001  4.5407678187E-001
2.0258000000E+001  4.5204200137E-001
2.0262000000E+001  4.5082136302E-001
2.0266000000E+001  4.4851491176E-001
2.0270000000E+001  4.4703335657E-001
2.0274000000E+001  4.4546911407E-001
2.0278000000E+001  4.4421220010E-001
2.0282000000E+001  4.4211704187E-001
2.0286000000E+001  4.4046261119E-001
2.0290000000E+001  4.3847914456E-001
2.0294000000E+001  4.3687170908E-001
2.0298000000E+001  4.3543353293E-001
2.0302000000E+001  4.3389885710E-001
2.0306000000E+001  4.3221953272E-001
2.0310000000E+001  4.3125652456E-001
2.0314000000E+001  4.2888727268E-001
2.0318000000E+001  4.2837198210E-001
2.0322000000E+001  4.2597850904E-001
2.0326000000E+001  4.2349173415E-001
2.0330000000E+001  4.2255133284E-001
2.0334000000E+001  4.1984528187E-001
2.0338000000E+001  4.1937437156E-001
2.0342000000E+001  4.1827153928E-001
2.0346000000E+001  4.1605382948E-001
2.0350000000E+001  4.1402552378E-001
2.0354000000E+001  4.1273038946E-001
2.0358000000E+001  4.1153215850E-001
2.0362000000E+001  4.1086365183E-001
2.0366000000E+001  4.0829999733E-001
2.0370000000E+001  4.0672242077E-001
2.0374000000E+001  4.0510239289E-001
2.0378000000E+001  4.0380403687E-001
2.0382000000E+001  4.0231064317E-001
2.0386000000E+001  4.0119340755E-001
2.0390000000E+001  3.9893251208E-001
2.0394000000E+001  3.9710993510E-001
2.0398000000E+001  3.9577760605E-001
2.0402000000E+001  3.9338581524E-001
2.0406000000E+001  3.9187854454E-001
2.0410000000E+001  3.9067970317E-001
2.0414000000E+001  3.8907405703E-001
2.0418000000E+001  3.8886958954E-001
2.0422000000E+001  3.8684248002E-001
2.0426000000E+001  3.8440715266E-001
2.0430000000E+001  3.8308877833E-001
2.0434000000E+001  3.8162608828E-001
2.0438000000E+001  3.8058568818E-001
2.0442000000E+001  3.7944174939E-001
2.0446000000E+001  3.7774625357E-001
2.0450000000E+001  3.7541189318E-001
2.0454000000E+001  3.7417309212E-001
2.0458000000E+001  3.7242149836E-001
2.0462000000E+001  3.7079220923E-001
2.0466000000E+001  3.6916660350E-001
2.0470000000E+001  3.6897272012E-001
2.0474000000E+001  3.6630116480E-001
2.0478000000E+001  3.6548350697E-001
2.0482000000E+001  3.6396759431E-001
2.0486000000E+001  3.6105892769E-001
2.0490000000E+001  3.6037526140E-001
2.0494000000E+001  3.5855271323E-001
2.0498000000E+001  3.5752567660E-001
2.0502000000E+001  3.5594872372E-001
2.0506000000E+001  3.5443979756E-001
2.0510000000E+001  3.5216976863E-001
2.0514000000E+001  3.5147296702E-001
2.0518000000E+001  3.5001165736E-001
2.0522000000E+001  3.4813308771E-001
2.0526000000E+001  3.4698203551E-001
2.0530000000E+001  3.4573103283E-001
2.0534000000E+001  3.4365049303E-001
2.0538000000E+001  3.4294649177E-001
2.0542000000E+001  3.4133291077E-001
2.0546000000E+001  3.4033456460E-001
2.0550000000E+001  3.3727650490E-001
2.0554000000E+001  3.3645661431E-001
2.0558000000E+001  3.3517055787E-001
2.0562000000E+001  3.3338701752E-001
2.0566000000E+001  3.3240339414E-001
2.0570000000E+001  3.2995683091E-001
2.0574000000E+001  3.2904797844E-001
2.0578000000E+001  3.2685908920E-001
2.0582000000E+001  3.2567122699E-001
2.0586000000E+001  3.2414719820E-001
2.0590000000E+001  3.2269622199E-001
2.0594000000E+001  3.2002751248E-001
2.0598000000E+001  3.1925543491E-001
2.0602000000E+001  3.1866607103E-001
2.0606000000E+001  3.1754079902E-001
