# Sample I1 = col 3  I2= col 4, mu = ln(I1/I2)
#posX	SAI01-MEAN	SAI02-MEAN	SAI03-MEAN	Ring-current	IntegrTimeSet	IntegrTimeGet	Timestamp	retries	XAS-trans	ref
#0	0	0	0	0	0	0	0	0	0	0
11.414013533833034	1.8297093156328685	1.378957808804456	3.3278400854505232	400.74154761904765	1.0	1.0	1.550371800188E12	0.0	0.2828291074774774	-0.8809954677152703
11.418999724586543	1.8284885938811328	1.3801785305561918	3.333638513771268	400.70726190476194	1.0	1.0	1.550371802089E12	0.0	0.2812768598531211	-0.8818514934966971
11.423990341061595	1.8272678721293971	1.3801785305561918	3.3385214007782107	400.6767857142857	1.0	1.0	1.550371803856E12	0.0	0.2806090244497205	-0.8833151538229471
11.429013782749722	1.8245212481879918	1.3786526283665221	3.3400473029678803	400.66154761904767	1.0	1.0	1.550371805635E12	0.0	0.2802109568932511	-0.8848783034868256
11.434013293500351	1.8211642633707186	1.3740749217975132	3.3342488746471357	400.64250000000004	1.0	1.0	1.550371807507E12	0.0	0.28169528116287396	-0.8864667084568102
11.438988803509451	1.819638361181049	1.3743801022354472	3.3400473029678803	400.5891666666667	1.0	1.0	1.550371809288E12	0.0	0.2806349839727992	-0.8879821747294117
11.443997181616032	1.8178072785534454	1.3734645609216454	3.342183566033418	400.56630952380954	1.0	1.0	1.550371811172E12	0.0	0.2802945585422759	-0.8892879314671099
11.44901001486883	1.81506065461204	1.370412756542306	3.3394369420920125	400.54345238095243	1.0	1.0	1.550371813055E12	0.0	0.2810069090661083	-0.8906902359540457
11.453998789217408	1.8117036697947668	1.3701075761043722	3.3437094682230875	400.53583333333336	1.0	1.0	1.550371814935E12	0.0	0.2793783971449836	-0.8921915504745946
11.45899197990475	1.8095674067292293	1.3688868543526365	3.345540550850691	400.47107142857146	1.0	1.0	1.550371816807E12	0.0	0.2790899204055117	-0.8936303856811001
11.463989592767343	1.8077363241016258	1.366750591287099	3.345235370412757	400.4634523809524	1.0	1.0	1.550371818588E12	0.0	0.2796393214795639	-0.8951009645359698
11.468991633651955	1.8049897001602204	1.3643091477836276	3.344930189974823	400.43678571428575	1.0	1.0	1.550371820456E12	0.0	0.2799067038104189	-0.8967976417240092
11.473998108415676	1.802243076218815	1.3643091477836276	3.3473716334782946	400.4101190476191	1.0	1.0	1.550371822336E12	0.0	0.2783838608765292	-0.8975272691903692
11.479009022925927	1.8001068131532776	1.362478065156024	3.3473716334782946	400.37964285714287	1.0	1.0	1.550371824207E12	0.0	0.2785408553246262	-0.8988703024084709
11.483995711219398	1.79797055008774	1.362783245593958	3.3516441596093696	400.35678571428576	1.0	1.0	1.55037182602E12	0.0	0.2771294440294547	-0.8999219067259936
11.48898680026297	1.7958342870222026	1.3609521629663544	3.349813076981766	400.34916666666663	1.0	1.0	1.55037182789E12	0.0	0.27728512321145493	-0.9007199717577152
11.494011018345828	1.7924773022049294	1.358510719462883	3.3470664530403607	400.3301190476191	1.0	1.0	1.550371829789E12	0.0	0.27720959025021485	-0.901695236026643
11.499010951668755	1.7906462195773258	1.3572899977111472	3.345235370412757	400.2996428571429	1.0	1.0	1.550371831556E12	0.0	0.2770865081851883	-0.9020469929112295
11.503986529924559	1.7875944151979866	1.3566796368352794	3.345845731288625	400.26535714285717	1.0	1.0	1.550371833436E12	0.0	0.27583054282075714	-0.9026792250273622
11.508995280049868	1.785458152132449	1.3545433737697419	3.3397421225299464	400.2272619047619	1.0	1.0	1.550371835307E12	0.0	0.2762106461506387	-0.9024291911757656
11.514008460017074	1.7830167086289777	1.3533226520180062	3.3351644159609375	400.2158333333333	1.0	1.0	1.550371837089E12	0.0	0.27574391759650607	-0.9019591859737348
11.518997226119582	1.7805752651255062	1.3521019302662705	3.3275349050125893	400.17773809523806	1.0	1.0	1.550371838973E12	0.0	0.275276127758805	-0.9005713941054425
11.523990382833581	1.7781338216220348	1.349660486762799	3.3144121461814304	400.1396428571429	1.0	1.0	1.550371840874E12	0.0	0.27571132997937764	-0.8984272069098077
11.528987935928104	1.7756923781185634	1.349660486762799	3.3006790264744037	400.12059523809523	1.0	1.0	1.550371842636E12	0.0	0.27433734951419125	-0.8942751433696158
11.533989891182289	1.773250934615092	1.3487449454489973	3.2759594110017556	400.09011904761905	1.0	1.0	1.550371844509E12	0.0	0.27364005816192577	-0.8874362861086168
11.535002383360098	1.7726405737392241	1.3478294041351955	3.2683299000534074	400.06726190476195	1.0	1.0	1.550371846173E12	0.0	0.27397483476834267	-0.88578367082601
11.535494230387213	1.772945754177158	1.3475242236972615	3.2646677347982003	400.04440476190473	1.0	1.0	1.550371847837E12	0.0	0.27437343071405973	-0.8848889913821149
11.53598611999512	1.7723353933012902	1.3478294041351955	3.261310749980927	400.03297619047623	1.0	1.0	1.550371849421E12	0.0	0.2738026584593773	-0.8836337354306782
11.536506990703545	1.7723353933012902	1.3475242236972615	3.2564278629739842	400.010119047619	1.0	1.0	1.550371851008E12	0.0	0.2740291077357074	-0.8823618466451686
11.536998967995109	1.7726405737392241	1.3475242236972615	3.252765697718777	399.9872328244275	1.0	1.0	1.550371852673E12	0.0	0.27420128404467264	-0.8812366179643922
11.537490987884292	1.7714198519874884	1.3472190432593276	3.2484931715877003	399.9605152671756	1.0	1.0	1.550371854356E12	0.0	0.27373890143645335	-0.8801487494741552
11.538011996555952	1.7714198519874884	1.3466086823834598	3.2429999237048897	399.9299809160305	1.0	1.0	1.550371856037E12	0.0	0.27419205653653833	-0.8789094590571929
11.538504104163454	1.7711146715495545	1.3466086823834598	3.2384222171358807	399.9108969465649	1.0	1.0	1.550371857708E12	0.0	0.27401976156712515	-0.8774968964341431
11.538996254385417	1.7698939497978188	1.345693141069658	3.2317082475013343	399.8918129770993	1.0	1.0	1.550371859373E12	0.0	0.2740104025936954	-0.8761016397994199
11.539488447227349	1.7698939497978188	1.345387960631724	3.225604638742656	399.8650954198473	1.0	1.0	1.550371861036E12	0.0	0.2742372113948492	-0.8744379995286583
11.540009639049808	1.768978408484017	1.345693141069658	3.220416571297779	399.8383778625954	1.0	1.0	1.550371862708E12	0.0	0.2734929827822207	-0.8726014943284177
11.54050191965608	1.7698939497978188	1.3472190432593276	3.2191958495460433	399.80784351145036	1.0	1.0	1.55037186439E12	0.0	0.27287712958029375	-0.8710890923592401
11.540994242899172	1.7683680476081491	1.345998321507592	3.2103456168459594	399.8002099236641	1.0	1.0	1.550371865973E12	0.0	0.2729211300756241	-0.8692426159462526
11.541486608784595	1.7683680476081491	1.3441672388799883	3.2005798428320738	399.7734923664122	1.0	1.0	1.550371867556E12	0.0	0.2742824462245954	-0.8675573262256107
11.542007983853955	1.7671473258564134	1.345693141069658	3.1969176775768666	399.7544083969466	1.0	1.0	1.550371869138E12	0.0	0.27245733929619687	-0.8652778930198308
11.54250043754977	1.7668421454184795	1.3435568780041205	3.1847104600595095	399.7353244274809	1.0	1.0	1.550371870808E12	0.0	0.2738733706819666	-0.8630408936614439
11.542992933904781	1.7665369649805456	1.3441672388799883	3.1798275730525667	399.7047900763359	1.0	1.0	1.55037187249E12	0.0	0.2732464450959329	-0.8610523049612934
11.543514447136793	1.7665369649805456	1.3429465171282526	3.1682307164110775	399.6933396946565	1.0	1.0	1.550371874073E12	0.0	0.27415501983191676	-0.8583072051361607
11.544007031336921	1.7680628671702152	1.3463035019455258	3.1676203555352096	400.0863095238096	1.0	1.0	1.550371875757E12	0.0	0.27252183177495776	-0.8556179393406892
11.544499658213123	1.7711146715495545	1.3478294041351955	3.160906385900663	400.6463095238095	1.0	1.0	1.550371877437E12	0.0	0.27311365662349046	-0.8523633677663693
11.544992327770904	1.7738612954909598	1.349660486762799	3.1563286793316543	401.23678571428576	1.0	1.0	1.550371879108E12	0.0	0.2733056238616715	-0.8495564723016257
11.545514024418493	1.7759975585564973	1.350270847638667	3.1465629053177686	401.8882142857143	1.0	1.0	1.550371880773E12	0.0	0.2740570696746263	-0.8460055157329154
11.546006781867508	1.7750820172426955	1.3508812085145347	3.1355764095521472	402.02535714285716	1.0	1.0	1.550371882421E12	0.0	0.2730895022057174	-0.8420558933288206
11.54649958201499	1.7756923781185634	1.3505760280766008	3.123674372472724	402.01011904761907	1.0	1.0	1.55037188409E12	0.0	0.2736592301391999	-0.8384788034717439
11.546992424866467	1.7750820172426955	1.3508812085145347	3.110856794079499	401.9872619047619	1.0	1.0	1.550371885757E12	0.0	0.2730895022057174	-0.8341410581860894
11.547514305025919	1.7750820172426955	1.3505760280766008	3.0962081330586706	401.9644047619048	1.0	1.0	1.550371887421E12	0.0	0.2733154398478895	-0.8296469909987468
11.548007235814765	1.7750820172426955	1.3508812085145347	3.0803387502861064	401.9415476190476	1.0	1.0	1.550371889073E12	0.0	0.2730895022057174	-0.8242824482453781
11.5485002093245	1.7744716563668277	1.350270847638667	3.0632486457618064	401.91488095238094	1.0	1.0	1.550371890721E12	0.0	0.27319752002569314	-0.8191708015476118
11.548993225560647	1.772945754177158	1.349660486762799	3.044937819485771	401.89202380952383	1.0	1.0	1.550371892309E12	0.0	0.2727893615889763	-0.8136274108889481
11.54948628452873	1.7726405737392241	1.3490501258869312	3.0241855497062637	401.8844047619048	1.0	1.0	1.55037189399E12	0.0	0.27306955010767053	-0.8072410811185429
11.550008393548008	1.7723353933012902	1.3493553063248651	3.002517738612955	401.8577380952381	1.0	1.0	1.550371895573E12	0.0	0.27267118062877443	-0.7998242553861097
11.550501540511021	1.7720302128633563	1.3487449454489973	2.977492942702373	401.83488095238096	1.0	1.0	1.550371897157E12	0.0	0.27295141218480995	-0.7919071620340503
11.550994730222882	1.7711146715495545	1.3484397650110633	2.952468146791791	401.8044047619047	1.0	1.0	1.550371898821E12	0.0	0.2726609118506183	-0.7836932860179239
11.55148796268913	1.7711146715495545	1.3478294041351955	2.9237811856260016	401.7853571428572	1.0	1.0	1.550371900409E12	0.0	0.27311365662349046	-0.7743822554845663
11.552010255436802	1.7701991302357527	1.3469138628213937	2.889600976577402	401.7853571428572	1.0	1.0	1.550371902074E12	0.0	0.2732760952551739	-0.763302474242672
11.552503575944186	1.7695887693598849	1.3466086823834598	2.8560311284046698	401.7396428571429	1.0	1.0	1.550371903657E12	0.0	0.2731578411552058	-0.7518435989773983
11.552996939222876	1.7701991302357527	1.3475242236972615	2.8203250171664003	401.73202380952387	1.0	1.0	1.550371905238E12	0.0	0.27282304280660463	-0.7385831322138781
11.553490345278407	1.7698939497978188	1.3487449454489973	2.7806515602349897	401.7167857142857	1.0	1.0	1.55037190691E12	0.0	0.2717451394209283	-0.7235107844251071
11.554012821850975	1.7695887693598849	1.3484397650110633	2.7327382314793613	401.6672619047619	1.0	1.0	1.55037190859E12	0.0	0.2717989914386988	-0.7063559272487343
11.554506315993892	1.7698939497978188	1.3493553063248651	2.6817730983443955	401.63297619047626	1.0	1.0	1.550371910258E12	0.0	0.2712927019061412	-0.6868512521031298
11.554999852930584	1.7701991302357527	1.3493553063248651	2.621652552071412	401.61392857142863	1.0	1.0	1.550371911921E12	0.0	0.27146511569967163	-0.6641779364862314
11.55549343266658	1.7701991302357527	1.3490501258869312	2.558480201419089	401.594880952381	1.0	1.0	1.550371913574E12	0.0	0.2716913088696024	-0.6400126765320029
11.555987055207432	1.7695887693598849	1.3484397650110633	2.481574731059739	401.5834523809524	1.0	1.0	1.550371915157E12	0.0	0.2717989914386988	-0.609945136410443
11.556509761030291	1.7683680476081491	1.3466086823834598	2.3912413214312966	401.5682142857143	1.0	1.0	1.550371916822E12	0.0	0.2724677695328935	-0.5742232677217183
11.557003471716214	1.7683680476081491	1.3478294041351955	2.297856107423515	401.5339285714286	1.0	1.0	1.550371918409E12	0.0	0.27156166458925884	-0.5334811113416871
11.557497225223939	1.768673228046083	1.3478294041351955	2.1922636758983742	401.4996428571428	1.0	1.0	1.550371920091E12	0.0	0.27173422714361284	-0.48643920226558623
11.557991021559003	1.7677576867322813	1.3469138628213937	2.0650034332799265	401.49583333333334	1.0	1.0	1.550371921675E12	0.0	0.2718959518462437	-0.4273159410562722
11.55851391142379	1.7677576867322813	1.3475242236972615	1.9212634470130467	401.45011904761907	1.0	1.0	1.550371923338E12	0.0	0.2714428993976744	-0.3547140145328981
11.55900779595025	1.7665369649805456	1.3450827801937901	1.776913099870299	401.43107142857144	1.0	1.0	1.550371924921E12	0.0	0.2725655553737579	-0.2784220874864708
11.559501723321016	1.7665369649805456	1.345387960631724	1.6050965133134962	401.40440476190474	1.0	1.0	1.55037192659E12	0.0	0.27233869511870146	-0.1765014696522465
11.559995693541627	1.7662317845426116	1.3466086823834598	1.4360265506981005	401.3777380952381	1.0	1.0	1.550371928257E12	0.0	0.27125899715293744	-0.06429061505729004
11.56048970661764	1.7677576867322813	1.345693141069658	1.2449835965514602	401.3434523809524	1.0	1.0	1.550371929911E12	0.0	0.2728026729782958	0.07778687245938165
11.561012826003424	1.7656214236667438	1.345693141069658	1.069504844739452	401.33964285714285	1.0	1.0	1.550371931574E12	0.0	0.2715934829881567	0.22971344738785662
11.561506927328606	1.7662317845426116	1.3475242236972615	0.9059281300068669	401.31678571428574	1.0	1.0	1.550371933258E12	0.0	0.2705793414856327	0.39706430319812686
11.562001071526167	1.7656214236667438	1.345387960631724	0.7689021133745335	401.2939285714285	1.0	1.0	1.550371934838E12	0.0	0.27182029178931044	0.5594740264064283
11.56249525860165	1.764705882352942	1.3444724193179223	0.6758220798046839	401.2634523809524	1.0	1.0	1.550371936515E12	0.0	0.27198235479880983	0.6878271159435329
11.562989488560607	1.764400701915008	1.3438620584420544	0.6004425116350038	401.22916666666663	1.0	1.0	1.55037193811E12	0.0	0.2722634853235023	0.8056359779539569
11.563512837617777	1.7637903410391402	1.3438620584420544	0.5583276112001219	401.2215476190476	1.0	1.0	1.550371939792E12	0.0	0.2719174944888079	0.8783569737862534
11.564007155883742	1.7637903410391402	1.3420309758144509	0.5378805218585487	401.2025	1.0	1.0	1.550371941375E12	0.0	0.2732809761226088	0.9143029419252902
11.56450151705017	1.7628747997253384	1.3429465171282526	0.536659800106813	401.1758333333333	1.0	1.0	1.550371943039E12	0.0	0.2720797921092069	0.91725699789983
11.564995921122627	1.7619592584115367	1.3435568780041205	0.5470359349965666	401.1567857142858	1.0	1.0	1.550371944623E12	0.0	0.27110592102154935	0.8985612678965865
11.565490368106666	1.7616540779736027	1.3429465171282526	0.5656519417105361	401.11488095238093	1.0	1.0	1.550371946292E12	0.0	0.2713870914147841	0.8646424272230803
11.566013946985732	1.7610437170977349	1.3441672388799883	0.5848783093003735	401.0958333333333	1.0	1.0	1.550371947877E12	0.0	0.27013198631060925	0.8321261397292415
11.566508482334651	1.7616540779736027	1.3429465171282526	0.6089875638971538	401.08059523809527	1.0	1.0	1.550371949538E12	0.0	0.2713870914147841	0.7908235253250789
11.567003060612159	1.7610437170977349	1.341725795376517	0.6306553749904626	401.0386904761905	1.0	1.0	1.55037195121E12	0.0	0.27194996204140265	0.7549524148672709
11.567497681823815	1.7598229953459992	1.3398947127489134	0.6517128252079036	401.0386904761905	1.0	1.0	1.550371952811E12	0.0	0.2726221948659433	0.7207423045185303
11.567992345975188	1.7582970931563295	1.3423361562523848	0.6721599145494768	400.9967857142857	1.0	1.0	1.550371954475E12	0.0	0.26993428376134004	0.6916704948823961
11.568487053071832	1.7573815518425278	1.3392843518730455	0.6868085755703053	400.9853571428572	1.0	1.0	1.550371956057E12	0.0	0.2716895410767899	0.6678350692991863
11.569010907400976	1.7582970931563295	1.341725795376517	0.704814221408407	400.95488095238096	1.0	1.0	1.550371957739E12	0.0	0.2703890876350125	0.6437777189483982
11.569505702931892	1.7582970931563295	1.3392843518730455	0.7158007171740284	400.94726190476194	1.0	1.0	1.550371959322E12	0.0	0.272210374421897	0.626488884263661
11.570000541425099	1.7582970931563295	1.3408102540627151	0.7295338368810551	400.9244047619047	1.0	1.0	1.550371960992E12	0.0	0.27107168151817146	0.6086236268697414
11.570495422886177	1.7592126344701313	1.341115434500649	0.7414358739604783	400.8863095238096	1.0	1.0	1.550371962575E12	0.0	0.27136466066830844	0.5926682841587438
11.570990347320695	1.7586022735942635	1.341420614938583	0.7521171892881675	400.8596428571429	1.0	1.0	1.550371964158E12	0.0	0.27079011801367076	0.5785923431458001
11.57151443180298	1.7586022735942635	1.3420309758144509	0.7618829633020532	400.8482142857143	1.0	1.0	1.550371965822E12	0.0	0.27033521069319083	0.5661464466710485
11.57200944472975	1.7579919127183956	1.3405050736247812	0.7685969329365996	400.8139285714286	1.0	1.0	1.55037196741E12	0.0	0.2711257354168561	0.5562350548755464
11.57250450064699	1.7586022735942635	1.3420309758144509	0.775310902571146	400.794880952381	1.0	1.0	1.550371969092E12	0.0	0.27033521069319083	0.548675285577926
11.572999599560276	1.7576867322804617	1.3423361562523848	0.7783627069504853	400.7720238095238	1.0	1.0	1.550371970776E12	0.0	0.26958709167383194	0.5449741553297475
11.573494741475187	1.7579919127183956	1.3395895323109794	0.7780575265125513	400.74916666666667	1.0	1.0	1.550371972358E12	0.0	0.27180895111184483	0.5433180638710524
11.573989926397285	1.7573815518425278	1.3386739909971777	0.7768368047608156	400.73392857142863	1.0	1.0	1.550371973939E12	0.0	0.2721453815405236	0.5442045482260472
11.574514286726757	1.756466010528726	1.3389791714351116	0.7731746395056085	400.71869047619043	1.0	1.0	1.550371975611E12	0.0	0.27139633058099566	0.5491578428581562
11.575009560210633	1.756160830090792	1.3386739909971777	0.7676813916227978	400.6882142857143	1.0	1.0	1.55037197721E12	0.0	0.2714505148401073	0.5560600516370647
11.575504876718753	1.7552452887769903	1.3395895323109794	0.762493324177921	400.67297619047616	1.0	1.0	1.550371978877E12	0.0	0.27024536496980167	0.563524773582003
11.576000236256704	1.75677119096666	1.3395895323109794	0.7551689936675068	400.65011904761906	1.0	1.0	1.550371980558E12	0.0	0.27111432574745575	0.573176969974322
11.57649563883006	1.7546349279011224	1.3377584496833759	0.7478446631570907	400.6082142857143	1.0	1.0	1.550371982223E12	0.0	0.2712654024600793	0.5815554066790397
11.576991084444398	1.7543297474631885	1.3365377279316402	0.7411306935225443	400.5815476190477	1.0	1.0	1.550371983877E12	0.0	0.27200438859065135	0.5896607798173458
11.57748657310531	1.7543297474631885	1.3377584496833759	0.7365529869535354	400.56630952380954	1.0	1.0	1.55037198554E12	0.0	0.2710914591651547	0.5967695159280942
11.578011255083503	1.7537193865873206	1.3365377279316402	0.7328908216983283	400.53964285714284	1.0	1.0	1.55037198721E12	0.0	0.27165641120566975	0.6008410204982662
11.578506832387271	1.7528038452735188	1.336842908369574	0.7319752803845265	400.51678571428573	1.0	1.0	1.550371988793E12	0.0	0.2709059074790405	0.6023193311643015
11.579002452754683	1.7528038452735188	1.3365377279316402	0.7335011825741962	400.4901190476191	1.0	1.0	1.550371990376E12	0.0	0.27113421798231535	0.6000085542691298
11.579498116191324	1.752193484397651	1.3356221866178384	0.7374685282673372	400.47107142857146	1.0	1.0	1.550371991958E12	0.0	0.2714711820437513	0.5939291058873555
11.579993822702777	1.752193484397651	1.3353170061799045	0.7432669565880818	400.45202380952384	1.0	1.0	1.550371993623E12	0.0	0.2716997012403582	0.5858687247292901
11.580489572294631	1.752193484397651	1.3365377279316402	0.7512016479743657	400.42535714285714	1.0	1.0	1.550371995211E12	0.0	0.27078593761310044	0.5761636424048876
11.581014530589544	1.751888303959717	1.3353170061799045	0.7597467002365157	400.4177380952381	1.0	1.0	1.550371996894E12	0.0	0.2715255155579808	0.5639389118936478
11.581510368893936	1.7515831235217831	1.3362325474937062	0.7689021133745335	400.3910714285715	1.0	1.0	1.550371998575E12	0.0	0.2706658985432724	0.5526457308416257
11.582006250295825	1.7512779430838492	1.3362325474937062	0.7756160830090799	400.34916666666663	1.0	1.0	1.550372000159E12	0.0	0.270491652158444	0.5439517420753214
11.582502174800803	1.7512779430838492	1.3365377279316402	0.7817196917677585	400.33392857142854	1.0	1.0	1.550372001823E12	0.0	0.2702632895175794	0.5363415382238861
11.582998142414455	1.7509727626459153	1.3347066453040366	0.7844663157091638	400.3186904761905	1.0	1.0	1.550372003492E12	0.0	0.271459971508891	0.5314631713643497
11.58349415314238	1.7497520408941778	1.3350118257419705	0.7869077592126352	400.2844047619048	1.0	1.0	1.55037200514E12	0.0	0.2705339369320388	0.528584393055305
11.583990206990169	1.7509727626459153	1.3353170061799045	0.7881284809643709	400.25392857142856	1.0	1.0	1.55037200681E12	0.0	0.2710027763929149	0.5272628769820917
11.584486303963418	1.7500572213321117	1.3377584496833759	0.7884336614023049	400.2425	1.0	1.0	1.550372008393E12	0.0	0.268653070775936	0.5287024233014005
11.585011630123041	1.74914168001831	1.3344014648661027	0.7866025787747013	400.2082142857143	1.0	1.0	1.55037201006E12	0.0	0.2706423486623063	0.5285149910016417
11.585507815901618	1.748836499580376	1.3347066453040366	0.7856870374608995	400.2005952380953	1.0	1.0	1.550372011723E12	0.0	0.2702391830768433	0.529908263373713
11.586004044822772	1.7476157778286403	1.332570382238499	0.7823300526436263	400.15869047619054	1.0	1.0	1.550372013377E12	0.0	0.2711427509839824	0.5325882606300318
11.586500316892105	1.7473105973907064	1.332570382238499	0.7789730678263531	400.1510714285714	1.0	1.0	1.550372014959E12	0.0	0.2709681089996056	0.5368885018149664
11.586996632115211	1.7479209582665742	1.333180743114367	0.7747005416952781	400.1053571428572	1.0	1.0	1.550372016623E12	0.0	0.2708594345895003	0.5428463453506998
11.587492990497696	1.7473105973907064	1.3337911039902348	0.7692072938124674	400.0863095238096	1.0	1.0	1.550372018211E12	0.0	0.27005246283285056	0.5504201244978565
11.587989392045156	1.7479209582665742	1.3337911039902348	0.7618829633020532	400.06726190476195	1.0	1.0	1.550372019896E12	0.0	0.270401716307107	0.559987668079878
11.588485836763194	1.7473105973907064	1.3337911039902348	0.7527275501640354	400.0482142857143	1.0	1.0	1.550372021576E12	0.0	0.27005246283285056	0.572077277346749
11.589011531172371	1.7473105973907064	1.333180743114367	0.7429617761501479	400.0291666666667	1.0	1.0	1.550372023159E12	0.0	0.27051018111524394	0.5846783041153952
11.589508064788667	1.7463950560769046	1.3337911039902348	0.7325856412603944	400.0025	1.0	1.0	1.550372024741E12	0.0	0.2695283538061782	0.5992003700495492
11.590004641592678	1.7460898756389707	1.332570382238499	0.721599145494773	399.97959923664126	1.0	1.0	1.550372026413E12	0.0	0.2702692359039808	0.6133951897698587
11.590501261590019	1.7463950560769046	1.333180743114367	0.7124437323567552	399.9605152671756	1.0	1.0	1.550372028095E12	0.0	0.2699860720885715	0.6266219653271592
11.590997924786295	1.7454795147631028	1.332875562676433	0.7032883192187374	399.9299809160305	1.0	1.0	1.550372029695E12	0.0	0.26969062595751553	0.6393270298476501
11.591494631187116	1.7451743343251689	1.3322652018005652	0.696574349584191	399.89944656488547	1.0	1.0	1.550372031377E12	0.0	0.2699738029704081	0.6484613967817403
11.591991380798092	1.7454795147631028	1.332875562676433	0.6913862821393142	399.86891221374043	1.0	1.0	1.55037203296E12	0.0	0.26969062595751553	0.6563952779010201
11.59248817362483	1.744869153887235	1.3319600213626313	0.6895551995117106	399.8650954198473	1.0	1.0	1.550372034624E12	0.0	0.2700280117215308	0.6583600853240715
11.593014236668944	1.7430380712596314	1.332570382238499	0.6898603799496446	399.8383778625954	1.0	1.0	1.550372036213E12	0.0	0.26851991332021313	0.6583757451191291
11.593511118486987	1.744258793011367	1.3319600213626313	0.691996643015182	399.80784351145036	1.0	1.0	1.550372037898E12	0.0	0.26967814729042777	0.6548257321861142
11.594008043537952	1.7430380712596314	1.3301289387350277	0.6953536278324552	399.796393129771	1.0	1.0	1.550372039577E12	0.0	0.2703537247223701	0.6486106297476949
11.594505011827463	1.7433432516975653	1.3319600213626313	0.7014572365911338	399.7773091603053	1.0	1.0	1.550372041177E12	0.0	0.2691531210270548	0.6412468989291232
11.595002023361138	1.7433432516975653	1.3313496604867634	0.7072556649118784	399.73914122137404	1.0	1.0	1.55037204276E12	0.0	0.26961146869177655	0.632556269070674
11.595499078144584	1.7436484321354992	1.3310444800488295	0.7136644541084909	399.72387404580155	1.0	1.0	1.550372044424E12	0.0	0.2700157607134942	0.6233063367073338
11.595996176183423	1.7424277103837635	1.3313496604867634	0.7203784237430373	399.69715648854964	1.0	1.0	1.550372046013E12	0.0	0.26908616663101914	0.6141718265243428
11.596493317483269	1.7427328908216975	1.3301289387350277	0.7261768520637819	399.68570610687027	1.0	1.0	1.550372047677E12	0.0	0.27017862403903015	0.6052375798904671
11.596990502049751	1.7451743343251689	1.333180743114367	0.7338063630121301	400.2158333333333	1.0	1.0	1.55037204926E12	0.0	0.2692868324831212	0.5970777190204335
11.597487729888481	1.7467002365148385	1.332570382238499	0.7377737087052711	400.80630952380955	1.0	1.0	1.550372050924E12	0.0	0.2706187335047425	0.5912278245263398
11.598014253595103	1.748531319142442	1.3347066453040366	0.7441824979018836	401.55297619047616	1.0	1.0	1.550372052595E12	0.0	0.2700646630065923	0.5841805077098039
11.59851157054146	1.7503624017700474	1.3356221866178384	0.7481498435950247	402.0596428571429	1.0	1.0	1.55037205426E12	0.0	0.27042561254882974	0.5795492360812065
11.599008930777257	1.7497520408941778	1.3359273670557723	0.7508964675364318	402.04821428571427	1.0	1.0	1.550372055924E12	0.0	0.2698483793183513	0.5761132038539732
11.599506334308126	1.7503624017700474	1.3362325474937062	0.7533379110399032	402.01392857142855	1.0	1.0	1.550372057595E12	0.0	0.2699687307590434	0.5730955212633608
11.60000378113969	1.7497520408941778	1.3359273670557723	0.7551689936675068	401.9872619047619	1.0	1.0	1.550372059277E12	0.0	0.2698483793183513	0.5704394297680655
11.600501271277574	1.7503624017700474	1.3365377279316402	0.7570000762951103	401.9682142857143	1.0	1.0	1.55037206094E12	0.0	0.26974036811817875	0.5684744098620393
11.600998804727405	1.748836499580376	1.3359273670557723	0.7579156176089121	401.93773809523816	1.0	1.0	1.550372062611E12	0.0	0.269325001776746	0.5668089296126011
11.601496381494815	1.748531319142442	1.3344014648661027	0.7594415197985818	401.9186904761905	1.0	1.0	1.550372064278E12	0.0	0.27029333897374475	0.5636548085941476
11.601994001585425	1.7482261387045082	1.3350118257419705	0.7615777828641193	401.90345238095233	1.0	1.0	1.550372065941E12	0.0	0.26966148878736035	0.5613031176366546
11.602491665004871	1.7470054169527724	1.3340962844281687	0.7640192263675907	401.8844047619048	1.0	1.0	1.550372067525E12	0.0	0.2696490097429204	0.5574164468509455
11.60298937175878	1.7479209582665742	1.3347066453040366	0.76707103074693	401.8539285714286	1.0	1.0	1.550372069196E12	0.0	0.2697155314677401	0.5538873997272791
11.603487121852783	1.7473105973907064	1.3347066453040366	0.7704280155642032	401.82726190476194	1.0	1.0	1.550372070861E12	0.0	0.2693662779934836	0.5495205805609386
11.604014198609546	1.7479209582665742	1.3350118257419705	0.7740901808194103	401.80059523809524	1.0	1.0	1.550372072526E12	0.0	0.26948690778133033	0.5450070495395739
11.604512037950897	1.7470054169527724	1.3362325474937062	0.7774471656366835	401.770119047619	1.0	1.0	1.550372074111E12	0.0	0.26804900940158694	0.5415937138653987
11.605009920649575	1.7467002365148385	1.3350118257419705	0.779278248264287	401.7510714285714	1.0	1.0	1.550372075696E12	0.0	0.2687882788122108	0.53832726045862
11.605507846711221	1.7463950560769046	1.3337911039902348	0.7804989700160228	401.7282142857143	1.0	1.0	1.55037207736E12	0.0	0.2695283538061782	0.5358472001947605
11.60600581614147	1.744563973449301	1.3316548409246973	0.7808041504539567	401.71297619047624	1.0	1.0	1.550372079025E12	0.0	0.27008224237865763	0.533853338358219
11.60650382894595	1.744869153887235	1.3319600213626313	0.7808041504539567	401.6939285714286	1.0	1.0	1.550372080696E12	0.0	0.2700280117215308	0.5340824859302574
11.607001885130314	1.744869153887235	1.332570382238499	0.7801937895780888	401.6596428571429	1.0	1.0	1.55037208236E12	0.0	0.26956987404314764	0.5353226373337331
11.607499984700189	1.744258793011367	1.333180743114367	0.7789730678263531	401.6405952380953	1.0	1.0	1.550372084025E12	0.0	0.26876208172768284	0.5373464296993281
11.607998127661224	1.744563973449301	1.3322652018005652	0.7765316243228817	401.61773809523805	1.0	1.0	1.550372085696E12	0.0	0.26962399973116125	0.5397985632219744
11.608496314019057	1.7430380712596314	1.3316548409246973	0.7734798199435424	401.58726190476193	1.0	1.0	1.550372087378E12	0.0	0.2692071985706348	0.5432781086909614
11.60899454377933	1.7433432516975653	1.3316548409246973	0.7698176546883353	401.56440476190477	1.0	1.0	1.55037208896E12	0.0	0.2693822685990932	0.5480240143756013
11.609492816947691	1.7424277103837635	1.3316548409246973	0.7661554894331282	401.53773809523807	1.0	1.0	1.550372090542E12	0.0	0.2688569665383358	0.5527925511286053
11.609991133529778	1.7424277103837635	1.3319600213626313	0.7618829633020532	401.5263095238095	1.0	1.0	1.550372092212E12	0.0	0.2686278189662974	0.5586138842347398
11.61048949353124	1.7418173495078957	1.3310444800488295	0.7573052567330443	401.5110714285714	1.0	1.0	1.550372093796E12	0.0	0.26896506453067653	0.5639528188457771
11.610987896957726	1.7421225299458296	1.3319600213626313	0.7530327306019693	401.4805952380953	1.0	1.0	1.550372095478E12	0.0	0.2684526569409764	0.570298142867767
11.61148634381488	1.7412069886320278	1.3322652018005652	0.7487602044708925	401.4577380952381	1.0	1.0	1.550372097061E12	0.0	0.2676978916238711	0.5762171537209059
11.612014158419596	1.7399862668802921	1.3295185778591598	0.7429617761501479	401.43869047619046	1.0	1.0	1.550372098642E12	0.0	0.26906031542607073	0.5819275860485875
11.612512694710619	1.7396810864423582	1.3298237582970938	0.7386892500190729	401.3967857142857	1.0	1.0	1.550372100312E12	0.0	0.26865539187959764	0.5879243680144286
11.613011274449589	1.7393759060044243	1.3295185778591598	0.734111543450064	401.3701190476191	1.0	1.0	1.550372101898E12	0.0	0.2687094690054908	0.5939112005318348
11.61350989764216	1.7393759060044243	1.328908216983292	0.7295338368810551	401.35107142857146	1.0	1.0	1.550372103578E12	0.0	0.269168658544038	0.5997072440666378
11.614008564293984	1.7393759060044243	1.328908216983292	0.7252613107499801	401.32821428571424	1.0	1.0	1.550372105261E12	0.0	0.269168658544038	0.6055809760787317
11.615006027998003	1.7387655451285564	1.328908216983292	0.7176317998016319	401.30535714285713	1.0	1.0	1.550372106842E12	0.0	0.26881768898704417	0.6161563707476931
11.617001477165891	1.7375448233768207	1.3279926756694902	0.7063401235980766	401.2786904761905	1.0	1.0	1.550372108642E12	0.0	0.2688045600210904	0.6313269317582447
11.618997622315344	1.736324101625085	1.328603036545358	0.7042038605325391	401.2634523809524	1.0	1.0	1.550372110412E12	0.0	0.267642251528392	0.6348154318916646
11.620994463808712	1.7357137407492171	1.3273823147936223	0.7081712062256802	401.21773809523813	1.0	1.0	1.550372112197E12	0.0	0.2682098883116095	0.6282782162663665
11.622992002008598	1.7341878385595475	1.3267719539177545	0.7151903562981605	401.2063095238095	1.0	1.0	1.550372113998E12	0.0	0.26779030949825927	0.6179554288656788
11.62499023727785	1.7332722972457457	1.3255512321660188	0.721599145494773	401.1720238095238	1.0	1.0	1.550372115797E12	0.0	0.2681827259715001	0.6081138916160463
11.626989169979572	1.7314412146181422	1.324940871290151	0.7280079346913855	401.1567857142858	1.0	1.0	1.550372117562E12	0.0	0.2675863007303433	0.5988111645445398
11.628988800477119	1.7305256733043404	1.324330510414283	0.7335011825741962	401.12630952380954	1.0	1.0	1.550372119342E12	0.0	0.2675181631710847	0.5908331257502857
11.6309891291341	1.7296101319905386	1.3234149691004813	0.7374685282673372	401.0996428571429	1.0	1.0	1.550372121114E12	0.0	0.2676805322571727	0.5847473588393733
11.632990156314374	1.7283894102388029	1.324330510414283	0.7420462348363461	401.0729761904762	1.0	1.0	1.550372122899E12	0.0	0.26628294155646776	0.5792507832404606
11.634991882382057	1.7271686884870672	1.3218890669108116	0.7475394827191568	401.0729761904762	1.0	1.0	1.550372124697E12	0.0	0.267421646742279	0.5700299802515671
11.636994307701515	1.7256427862973975	1.3218890669108116	0.7563897154192425	401.04249999999996	1.0	1.0	1.550372126497E12	0.0	0.2665377859811857	0.5582603638695658
11.638997432637366	1.7250324254215297	1.320057984283208	0.7655451285572603	401.02345238095234	1.0	1.0	1.550372128262E12	0.0	0.267570184531695	0.5448427756961207
11.641001257554493	1.7232013427939261	1.3194476234073402	0.7740901808194103	401.0044047619048	1.0	1.0	1.550372130026E12	0.0	0.26697062476323913	0.5332800813937397
11.64300578281801	1.7228961623559922	1.3185320820935384	0.7798886091401549	400.95107142857137	1.0	1.0	1.550372131825E12	0.0	0.2674876313391219	0.5251232370731193
11.645011008793311	1.7201495384145868	1.3173113603418027	0.7832455939574281	400.95488095238096	1.0	1.0	1.550372133597E12	0.0	0.26681841680900764	0.5199017856752189
11.646987431837848	1.719844357976653	1.3182269016556045	0.7859922178988334	400.91297619047623	1.0	1.0	1.550372135379E12	0.0	0.2659462198831935	0.5170959647932984
11.648994050015867	1.7174029144731815	1.3151750972762652	0.7841611352712299	400.8710714285714	1.0	1.0	1.550372137179E12	0.0	0.2668434056934325	0.5171105606551692
11.65100136999795	1.7119096665903708	1.3136491950865956	0.7789730678263531	400.85202380952376	1.0	1.0	1.550372138979E12	0.0	0.2648006018870092	0.5225877160591883
11.65300939215049	1.7082475013351637	1.311818112458992	0.7704280155642032	400.82154761904764	1.0	1.0	1.550372140743E12	0.0	0.26405394485841016	0.5322231013155279
11.654988571679672	1.7076371404592958	1.3084611276417188	0.7603570611123835	400.7872619047619	1.0	1.0	1.550372142525E12	0.0	0.26625889078388554	0.5428188737527355
11.65699798893386	1.7055008773937583	1.307545586327917	0.7508964675364318	400.7720238095238	1.0	1.0	1.550372144298E12	0.0	0.2657070557164917	0.55463927780314
11.659008109453818	1.677119096665903	1.2855725947966743	0.7356374456397337	400.7377380952381	1.0	1.0	1.55037214608E12	0.0	0.2658732798483369	0.5582221008149418
11.660989357564091	1.673151750972762	1.282825970855269	0.7307545586327908	400.714880952381	1.0	1.0	1.550372147881E12	0.0	0.2656436897166907	0.5627430707926893
11.663000875362489	1.7015335317006173	1.3047989623865117	0.7380788891432051	400.6882142857143	1.0	1.0	1.55037214968E12	0.0	0.2654809448094056	0.5697535413329737
11.66501309752426	1.7097734035248333	1.311818112458992	0.7414358739604783	400.67297619047616	1.0	1.0	1.550372151443E12	0.0	0.2649468020605823	0.5705806497685427
11.666996417444098	1.710688944838635	1.311818112458992	0.742656595712214	400.65011904761906	1.0	1.0	1.550372153226E12	0.0	0.2654821339791486	0.5689355743409915
11.669010039065624	1.7088578622110315	1.3109025711451903	0.7444876783398175	400.61583333333334	1.0	1.0	1.550372154998E12	0.0	0.26510934494463606	0.565774862822221
11.670994738580564	1.7076371404592958	1.312123292896926	0.746929121843289	400.5891666666667	1.0	1.0	1.550372156779E12	0.0	0.26346396640712966	0.5634316414462875
11.673009761114995	1.707026779583428	1.3099870298313885	0.7481498435950247	400.5777380952381	1.0	1.0	1.550372158579E12	0.0	0.26473589551535365	0.5601692316803444
11.674995841657813	1.7055008773937583	1.3093766689555206	0.7499809262226282	400.54726190476185	1.0	1.0	1.550372160381E12	0.0	0.26430763857848966	0.5572587032258557
11.67701226656031	1.7039749752040887	1.307545586327917	0.7499809262226282	400.51678571428573	1.0	1.0	1.550372162144E12	0.0	0.26481196077667235	0.5558592860878535
11.678999729565751	1.7021438925764851	1.307545586327917	0.7493705653467604	400.4825000000001	1.0	1.0	1.550372163926E12	0.0	0.2637367881975131	0.556673452629876
11.680987879215621	1.7012283512626833	1.3066300450141153	0.746929121843289	400.4634523809524	1.0	1.0	1.550372165698E12	0.0	0.2638992117413784	0.559236320061583
11.683006405198302	1.7006179903868155	1.3054093232623796	0.7435721370260158	400.44821428571424	1.0	1.0	1.55037216746E12	0.0	0.26447505949367445	0.5628061434827893
11.68499593946133	1.698481727321278	1.3057145037003135	0.7414358739604783	400.4139285714286	1.0	1.0	1.550372169244E12	0.0	0.2629843470751701	0.5659170060121536
11.686986161437193	1.698176546883344	1.303578240634776	0.7396047913328747	400.3834523809524	1.0	1.0	1.550372170998E12	0.0	0.26444207982180556	0.5667522773062443
11.689006791769305	1.6972610055695423	1.303578240634776	0.7402151522087426	400.37202380952385	1.0	1.0	1.550372172779E12	0.0	0.26390280244040976	0.5659273649064038
11.690998400513323	1.6969558251316084	1.303578240634776	0.742656595712214	400.34535714285715	1.0	1.0	1.550372174542E12	0.0	0.26372297866722233	0.562634503318166
11.692990698040793	1.6954299229419387	1.3026626993209742	0.746623941405355	400.3301190476191	1.0	1.0	1.550372176328E12	0.0	0.26352595057370126	0.5566040457211845
11.69501343599837	1.694209201190203	1.3011367971313046	0.7521171892881675	400.3072619047619	1.0	1.0	1.550372178098E12	0.0	0.2639777423122151	0.5481014720366711
11.697007122453467	1.6929884794384673	1.3020523384451064	0.7597467002365157	400.28059523809526	1.0	1.0	1.550372179861E12	0.0	0.2625535568301085	0.5387119318944016
11.699001498764865	1.6914625772487977	1.3011367971313046	0.76707103074693	400.250119047619	1.0	1.0	1.550372181644E12	0.0	0.2623552433083613	0.5284142150494738
11.700996565288914	1.6911573968108637	1.3008316166933707	0.7747005416952781	400.23488095238093	1.0	1.0	1.550372183399E12	0.0	0.2624093796239346	0.5182824872043227
11.702992322382189	1.689631494621194	1.299305714503701	0.7801937895780888	400.1967857142857	1.0	1.0	1.550372185198E12	0.0	0.26268039860131864	0.510042998016789
11.704988770401517	1.6887159533073923	1.2974746318760975	0.783550774395362	400.16630952380956	1.0	1.0	1.550372186999E12	0.0	0.2635486648789919	0.5043391990231335
11.70698590970398	1.6874952315556566	1.2974746318760975	0.7847714961470977	400.14726190476193	1.0	1.0	1.55037218876E12	0.0	0.26282553368956646	0.502782475610876
11.709013564259529	1.6868848706797888	1.2977798123140314	0.7844663157091638	400.1167857142857	1.0	1.0	1.550372190527E12	0.0	0.2622285884615836	0.5034066127744571
11.711012097531501	1.6841382467383834	1.295643549248494	0.7811093308918906	400.09011904761905	1.0	1.0	1.550372192299E12	0.0	0.2622464857735197	0.5060476715417798
11.713011323164656	1.6829175249866477	1.2962539101243618	0.7774471656366835	400.0596428571429	1.0	1.0	1.550372194061E12	0.0	0.2610504122001136	0.5112180884492068
11.715011241517047	1.682001983672846	1.2938124666208903	0.7722590981918067	400.0482142857143	1.0	1.0	1.550372195844E12	0.0	0.2623914806593115	0.5160284260899245
11.717011852946992	1.681696803234912	1.295643549248494	0.7689021133745335	400.0177380952381	1.0	1.0	1.550372197614E12	0.0	0.2607957646921775	0.5217991293187649
11.719013157813048	1.6810864423590441	1.2938124666208903	0.7643244068055246	400.0025	1.0	1.0	1.550372199399E12	0.0	0.26184701603606103	0.5263562239463857
11.72098527079495	1.6798657206073084	1.2932021057450225	0.7606622415503175	399.96814885496184	1.0	1.0	1.550372201198E12	0.0	0.26159246682175125	0.5306872498527118
11.722987953246747	1.6780346379797049	1.291371023117419	0.7566948958571764	399.94524809160305	1.0	1.0	1.550372202961E12	0.0	0.2619187876408276	0.5344996131809715
11.724991330206455	1.6765087357900352	1.2904554818036171	0.754253452353705	399.9223473282443	1.0	1.0	1.550372204743E12	0.0	0.26171825491865774	0.5370220664752624
11.726995402033616	1.6752880140382995	1.2895399404898154	0.7518120088502336	399.89562977099234	1.0	1.0	1.550372206514E12	0.0	0.2616995796902491	0.5395544940005186
11.729000169088021	1.6746776531624317	1.2898451209277493	0.750286106660564	399.8650954198473	1.0	1.0	1.550372208281E12	0.0	0.2610985510144435	0.5418228195169876
11.73100563172972	1.673456931410696	1.2889295796139475	0.7487602044708925	399.8460114503817	1.0	1.0	1.550372210061E12	0.0	0.26107941503271126	0.543148591637595
11.733011790318999	1.673151750972762	1.2886243991760136	0.7481498435950247	399.826927480916	1.0	1.0	1.550372211814E12	0.0	0.26113383161008713	0.5437272875906689
11.734988687037704	1.6710154879072245	1.2874036774242779	0.7478446631570907	399.7849427480916	1.0	1.0	1.550372213614E12	0.0	0.2608039811101315	0.543187529256081
11.736996228203317	1.669489585717555	1.287098496986344	0.7490653849088265	399.7734923664122	1.0	1.0	1.550372215414E12	0.0	0.26012748449672024	0.541319460922018
11.739004466393489	1.668879224841687	1.286488136110476	0.7499809262226282	399.73914122137404	1.0	1.0	1.550372217181E12	0.0	0.26023614741254925	0.5396236353414104
11.741013401969507	1.6673533226520174	1.287098496986344	0.7508964675364318	399.708606870229	1.0	1.0	1.550372218961E12	0.0	0.2588470745906757	0.5388779541140899
11.74299303563457	1.6682688639658192	1.2858777752346082	0.7505912870984979	399.79257633587787	1.0	1.0	1.550372220761E12	0.0	0.2603449016621305	0.538335578977013
11.745003356644924	1.6685740444037531	1.2861829556725421	0.7493705653467604	400.52821428571434	1.0	1.0	1.550372222515E12	0.0	0.2602905131133852	0.5402005539582394
11.747014376121067	1.6704051270313567	1.2877088578622118	0.7481498435950247	401.1415476190476	1.0	1.0	1.550372224315E12	0.0	0.2602016279465898	0.5430165555067351
11.748996063639886	1.6719310292210263	1.2895399404898154	0.746623941405355	401.81202380952385	1.0	1.0	1.550372226114E12	0.0	0.25969374386091	0.5464791652553604
11.751008470696354	1.6716258487830924	1.2892347600518814	0.7444876783398175	402.0444047619048	1.0	1.0	1.550372227882E12	0.0	0.25974788187672115	0.5491078103370094
11.752991525789206	1.669489585717555	1.2889295796139475	0.7429617761501479	402.01392857142855	1.0	1.0	1.550372229664E12	0.0	0.2587058517492924	0.5509227715447974
11.755005321855535	1.6685740444037531	1.2877088578622118	0.7429617761501479	401.9986904761905	1.0	1.0	1.550372231433E12	0.0	0.2591048359529006	0.5499752409752674
11.75698974593158	1.668879224841687	1.2877088578622118	0.7454032196536193	401.97964285714284	1.0	1.0	1.550372233214E12	0.0	0.2592877181772583	0.5466945326810851
11.759004932439273	1.6667429617761496	1.2852674143587404	0.7493705653467604	401.9644047619048	1.0	1.0	1.550372235014E12	0.0	0.2599045985281785	0.539488472276121
11.760990726909617	1.6655222400244138	1.2858777752346082	0.7560845349813086	401.9415476190476	1.0	1.0	1.550372236781E12	0.0	0.25869715321168996	0.5310436690082644
11.763007305292142	1.66521705958648	1.2855725947966743	0.762493324177921	401.90345238095233	1.0	1.0	1.550372238562E12	0.0	0.2587512628925264	0.522365743876357
11.764994471569834	1.6633859769588764	1.2834363317311368	0.7676813916227978	401.8767857142857	1.0	1.0	1.55037224033E12	0.0	0.2593141551659204	0.5139216014711182
11.76701244326263	1.6630807965209424	1.2837415121690707	0.7728694590676746	401.83488095238096	1.0	1.0	1.550372242081E12	0.0	0.2588929133384971	0.5074239908680294
11.769000982762654	1.660944533455405	1.282215609979401	0.7762264438849478	401.80821428571426	1.0	1.0	1.550372243862E12	0.0	0.2587969097404286	0.5019005191054529
11.77099020423727	1.6600289921416032	1.2816052491035332	0.7786678873884192	401.78916666666663	1.0	1.0	1.550372245615E12	0.0	0.2587216742954546	0.4982840490616553
11.773010263342432	1.6597238117036692	1.2819104295414672	0.7808041504539567	401.7853571428572	1.0	1.0	1.550372247415E12	0.0	0.2582997217290022	0.49578241655975486
11.77500086016018	1.6578927290760657	1.2806897077897315	0.7820248722056924	401.754880952381	1.0	1.0	1.550372249215E12	0.0	0.2581485886077015	0.4932675000762183
11.77699214000602	1.65667200732433	1.2797741664759297	0.7829404135194942	401.7167857142857	1.0	1.0	1.550372250962E12	0.0	0.2581271452474397	0.4913823160424463
11.77901428974817	1.6542305638208585	1.27824826428626	0.7832455939574281	401.690119047619	1.0	1.0	1.550372252746E12	0.0	0.2578453875074813	0.48979957159350596
11.781006947062314	1.6542305638208585	1.278553444724194	0.783855954833296	401.6710714285714	1.0	1.0	1.5503722545E12	0.0	0.2576066670480044	0.4892593241460183
11.783000288460242	1.6533150225070568	1.2773327229724583	0.783550774395362	401.6482142857143	1.0	1.0	1.5503722563E12	0.0	0.2580082833104022	0.4886935082973975
11.784994314292552	1.6517891203173871	1.2767223620965904	0.7832455939574281	401.62916666666666	1.0	1.0	1.5503722581E12	0.0	0.257562876575091	0.4886051137352951
11.786989024910095	1.6502632181277175	1.2761120012207225	0.7832455939574281	401.61011904761904	1.0	1.0	1.550372259862E12	0.0	0.2571168450056325	0.48812693082122227
11.789014659203838	1.648432135500114	1.2748912794689868	0.7823300526436263	401.54154761904766	1.0	1.0	1.550372261645E12	0.0	0.25696371128748985	0.48833946924579313
11.791010750834221	1.648432135500114	1.274280918593119	0.7817196917677585	401.5263095238095	1.0	1.0	1.550372263415E12	0.0	0.25744258116375457	0.4886410872140268
11.793007528309142	1.6466010528725104	1.2730601968413833	0.7801937895780888	401.50726190476195	1.0	1.0	1.550372265183E12	0.0	0.2572895894616582	0.489636547822075
11.795004991980406	1.6444647898069729	1.2727550164034493	0.7777523460746174	401.50726190476195	1.0	1.0	1.550372266962E12	0.0	0.256231120355219	0.49253098190156974
11.797003142200069	1.6389715419241622	1.2678721293965065	0.7734798199435424	401.4691666666667	1.0	1.0	1.550372268715E12	0.0	0.25672892993306473	0.4941957051926317
11.79900197932042	1.643854428931105	1.2724498359655154	0.7725642786297406	401.434880952381	1.0	1.0	1.550372270482E12	0.0	0.25609969880720623	0.4989841121170757
11.801001503693994	1.643549248493171	1.2718394750896476	0.7689021133745335	401.40440476190474	1.0	1.0	1.550372272245E12	0.0	0.25639382116587484	0.5032558665042959
11.803001715673558	1.6417181658655675	1.270313572899978	0.7640192263675907	401.37392857142856	1.0	1.0	1.550372274015E12	0.0	0.2564795777452637	0.5084261025186994
11.805002615612137	1.6411078049896997	1.26970321202411	0.7600518806744496	401.35488095238094	1.0	1.0	1.550372275763E12	0.0	0.25658832280139965	0.513151765827146
11.807004203862983	1.639887083237964	1.2693980315861761	0.7560845349813086	401.32821428571424	1.0	1.0	1.550372277531E12	0.0	0.25608459055726457	0.5181448875197988
11.809006480779594	1.6389715419241622	1.2684824902723744	0.7521171892881675	401.3015476190476	1.0	1.0	1.550372279301E12	0.0	0.2562476400669579	0.5226844268257098
11.811009446715714	1.6380560006103604	1.2675669489585726	0.7493705653467604	401.2939285714285	1.0	1.0	1.550372281083E12	0.0	0.256410898473809	0.5256209457998288
11.813013102025321	1.6362249179827568	1.2672617685206387	0.7478446631570907	401.2710714285715	1.0	1.0	1.550372282883E12	0.0	0.2555332241727495	0.5274184771378495
11.814987073050654	1.6346990157930872	1.266041046768903	0.746623941405355	401.23297619047617	1.0	1.0	1.550372284646E12	0.0	0.25556395359827194	0.5280883913751636
11.816992097711731	1.6331731136034175	1.2645151445792333	0.746929121843289	401.2063095238095	1.0	1.0	1.550372286432E12	0.0	0.2558360541353323	0.5264737458844336
11.818997812804323	1.6328679331654836	1.2648203250171672	0.7481498435950247	401.19107142857143	1.0	1.0	1.550372288201E12	0.0	0.25540786043547403	0.5250820719402948
11.82100421868339	1.6304264896620122	1.2635996032654315	0.750286106660564	401.16821428571427	1.0	1.0	1.550372289982E12	0.0	0.254877154719547	0.5212651456217602
11.823011315704122	1.6285954070344086	1.262073701075762	0.7524223697261014	401.14916666666664	1.0	1.0	1.550372291783E12	0.0	0.2549617672220575	0.5172136134677798
11.82498867802281	1.6264591439688711	1.2602426184481583	0.7551689936675068	401.1034523809523	1.0	1.0	1.550372293583E12	0.0	0.25510109087841887	0.5121179788588305
11.826997147908163	1.6279850461585408	1.261768520637828	0.7600518806744496	401.0882142857143	1.0	1.0	1.550372295347E12	0.0	0.25482875746929357	0.5068829086488829
11.829006309996828	1.627069504844739	1.261768520637828	0.7649347676813925	401.0653571428572	1.0	1.0	1.550372297132E12	0.0	0.25426622229601187	0.5004790444586629
11.830985707132893	1.6258487830930033	1.2608529793240262	0.7698176546883353	401.04630952380955	1.0	1.0	1.550372298933E12	0.0	0.2542415478315322	0.4933900639134746
11.832996244195556	1.6249332417792015	1.261768520637828	0.7756160830090799	401.02345238095234	1.0	1.0	1.550372300701E12	0.0	0.2529524082932162	0.4866119442752639
11.835007474525353	1.6234073395895319	1.2599374380102244	0.7798886091401549	400.9929761904762	1.0	1.0	1.550372302483E12	0.0	0.25346516909893646	0.47966624564914867
11.836988909606053	1.62249179827573	1.2599374380102244	0.7841611352712299	400.94726190476194	1.0	1.0	1.550372304283E12	0.0	0.25290104723365664	0.4742028174251987
11.839001517023547	1.6215762569619283	1.2581063553826208	0.7866025787747013	400.92059523809525	1.0	1.0	1.550372306046E12	0.0	0.2537909763789949	0.46963983854263863
11.841014818774187	1.6203555352101926	1.2596322575722905	0.7893492027161066	400.9053571428572	1.0	1.0	1.550372307833E12	0.0	0.25182577204961626	0.46736628635071303
11.842998294933182	1.618524452582589	1.2568856336308851	0.7896543831540406	400.87869047619046	1.0	1.0	1.550372309601E12	0.0	0.25287796056422046	0.46479686080767874
11.84501297588955	1.614251926451514	1.253223468375678	0.7881284809643709	400.85202380952376	1.0	1.0	1.550372311363E12	0.0	0.2531526392465814	0.4638131621864531
11.846997811051702	1.6115053025101087	1.2516975661860084	0.7872129396505692	400.8139285714286	1.0	1.0	1.550372313147E12	0.0	0.2526680297437236	0.46375717875809974
11.849013872624637	1.614862287327382	1.253528648813612	0.7875181200885031	400.7796428571429	1.0	1.0	1.550372314918E12	0.0	0.25328718862235516	0.4648313923226411
11.85100006818037	1.614557106889448	1.2553597314412155	0.7869077592126352	400.77583333333337	1.0	1.0	1.550372316717E12	0.0	0.25163851173523044	0.4670664131179711
11.852986939257244	1.6136415655756462	1.2541390096894798	0.7853818570229656	400.74154761904765	1.0	1.0	1.550372318502E12	0.0	0.2520441777659778	0.4680345264957452
11.85500506912426	1.6124208438239105	1.2538338292515459	0.7844663157091638	400.71869047619043	1.0	1.0	1.550372320263E12	0.0	0.2515307585098419	0.46895756587568294
11.856993302678573	1.610284580758373	1.2520027466239423	0.7841611352712299	400.6996428571428	1.0	1.0	1.550372322047E12	0.0	0.251666455146898	0.4678852165319614
11.85901281669229	1.6093690394445712	1.2507820248722066	0.7847714961470977	400.6844047619048	1.0	1.0	1.550372323816E12	0.0	0.2520732256235827	0.46613166687811425
11.861002414119195	1.6090638590066373	1.250171663996337	0.7859922178988334	400.66535714285715	1.0	1.0	1.550372325583E12	0.0	0.25237168277106076	0.46408926057622785
11.862992688795236	1.6075379568169677	1.2483405813687334	0.7872129396505692	400.6196428571428	1.0	1.0	1.550372327301E12	0.0	0.25288865472459177	0.46107163026904663
11.865014276393763	1.606317235065232	1.249866483558403	0.7893492027161066	400.5891666666667	1.0	1.0	1.550372329101E12	0.0	0.2509073947357232	0.4595831995120853
11.86749627105455	1.6038757915617605	1.2471198596169977	0.7893492027161066	400.56250000000006	1.0	1.0	1.550372330904E12	0.0	0.25158628930722515	0.45738324751261306
11.870009980660422	1.597467002365148	1.241626611734187	0.7869077592126352	400.53583333333336	1.0	1.0	1.550372332664E12	0.0	0.2519969476226982	0.4560665466456966
11.872494095895462	1.6023498893720909	1.2471198596169977	0.7881284809643709	400.4977380952381	1.0	1.0	1.550372334447E12	0.0	0.2506344521898641	0.4589309359623891
11.875009953624495	1.6008239871824212	1.2446784161135263	0.7850766765850317	400.4786904761905	1.0	1.0	1.550372336217E12	0.0	0.2516412924309055	0.4608510850324288
11.877496192139509	1.6008239871824212	1.245899137865262	0.7829404135194942	400.47488095238094	1.0	1.0	1.550372337984E12	0.0	0.25066102032692056	0.46455615446259907
11.880014200733156	1.5986877241168838	1.2449835965514602	0.7798886091401549	400.45202380952384	1.0	1.0	1.550372339764E12	0.0	0.2500607659241652	0.46772653266051895
11.882502565238457	1.5971618219272141	1.2431525139238566	0.7771419851987496	400.3986904761905	1.0	1.0	1.550372341518E12	0.0	0.2505776895442425	0.4697827134260355
11.884991987226964	1.5962462806134123	1.2434576943617905	0.7743953612573442	400.37964285714287	1.0	1.0	1.550372343302E12	0.0	0.2497588360235416	0.47356869541023
11.88751322065337	1.593194476234073	1.2410162508583191	0.7713435568780049	400.35297619047617	1.0	1.0	1.550372345084E12	0.0	0.24981050412333558	0.47555200671220166
11.890004772697962	1.593499656672007	1.2404058899824513	0.7685969329365996	400.3225	1.0	1.0	1.550372346865E12	0.0	0.2504939827329767	0.4786272480009201
11.89249738424876	1.5910582131685356	1.2391851682307156	0.76707103074693	400.3110714285715	1.0	1.0	1.550372348664E12	0.0	0.2499452965071827	0.47962991458983384
11.894991055978469	1.5898374914167999	1.237659266041046	0.7661554894331282	400.2882142857143	1.0	1.0	1.550372350432E12	0.0	0.25040989734183955	0.47959204803563743
11.897485788560376	1.589227130540932	1.237048905165178	0.766765850308996	400.2729761904762	1.0	1.0	1.550372352202E12	0.0	0.2505191887073657	0.47830243206042883
11.900012401577614	1.5883115892271302	1.237048905165178	0.7685969329365996	400.24630952380954	1.0	1.0	1.550372354017E12	0.0	0.24994293052776173	0.4759172192420549
11.902509271003836	1.5858701457236588	1.2364385442893102	0.7716487373159389	400.2044047619048	1.0	1.0	1.550372355817E12	0.0	0.24889813912769687	0.4714609413807405
11.905007203313856	1.5843442435339892	1.2352178225375745	0.7750057221332121	400.17773809523806	1.0	1.0	1.550372357584E12	0.0	0.2489232661917189	0.46613219531048883
11.907506199183242	1.5843442435339892	1.2346074616617067	0.779583428702221	400.14726190476193	1.0	1.0	1.550372359364E12	0.0	0.24941752049561486	0.45974864247703995
11.910006259288144	1.5828183413443195	1.2343022812237727	0.7847714961470977	400.1282142857143	1.0	1.0	1.550372361132E12	0.0	0.24870116241387594	0.45286854724303477
11.91250738430528	1.58129243915465	1.233081559472037	0.7893492027161066	400.13202380952384	1.0	1.0	1.550372362919E12	0.0	0.24872614295077036	0.44606283622993087
11.915009574911943	1.5794613565270463	1.2309452964064995	0.7924010070954459	400.0825	1.0	1.0	1.550372364718E12	0.0	0.24930146744677628	0.4404701010926539
11.917512831786002	1.5785458152132446	1.2309452964064995	0.7954528114747852	400.04059523809525	1.0	1.0	1.550372366517E12	0.0	0.24872164524266946	0.43662616016886685
11.919986231520351	1.577019913023575	1.2297245746547638	0.7969787136644548	400.0253571428571	1.0	1.0	1.550372368285E12	0.0	0.24874671379135782	0.433717529888211
11.9224916097804	1.5751888303959714	1.228809033340962	0.7975890745403227	400.0063095238096	1.0	1.0	1.550372370048E12	0.0	0.24832972267004566	0.4322071930826214
11.924998056336499	1.5745784695201035	1.2275883115892263	0.7972838941023888	399.97959923664126	1.0	1.0	1.550372371833E12	0.0	0.24893607568923126	0.43159598259347026
11.927505571868819	1.5733577477683678	1.2269779507133585	0.7969787136644548	399.9605152671756	1.0	1.0	1.550372373603E12	0.0	0.24865783296979507	0.43148150411184877
11.930014157058094	1.572442206454566	1.2269779507133585	0.7969787136644548	399.95288167938935	1.0	1.0	1.550372375365E12	0.0	0.24807576077641094	0.43148150411184877
11.932492822655862	1.5712214847028303	1.2266727702754245	0.796368352788587	399.9299809160305	1.0	1.0	1.550372377148E12	0.0	0.24754789332879046	0.43199888468454606
11.935003535976962	1.568474860761425	1.224841687647821	0.7951476310368513	399.89944656488547	1.0	1.0	1.550372378904E12	0.0	0.2472921198813457	0.4320390832223606
11.937515320992288	1.5675593194476232	1.2236209658960853	0.7939269092851156	399.8727290076336	1.0	1.0	1.550372380703E12	0.0	0.2477053684092355	0.43257834351672353
11.939997148913466	1.5666437781338214	1.2242313267719531	0.7945372701609834	399.8421946564886	1.0	1.0	1.550372382506E12	0.0	0.24662245154530923	0.4323085425907553
11.942511066115141	1.5651178759441517	1.2224002441443496	0.7939269092851156	399.80784351145036	1.0	1.0	1.550372384265E12	0.0	0.24714480209229464	0.43158021492481174
11.944995001233696	1.563897154192416	1.2224002441443496	0.7945372701609834	399.7849427480916	1.0	1.0	1.550372386048E12	0.0	0.24636454261644666	0.4308117230522161
11.94751105332486	1.5629816128786143	1.22087434195468	0.7948424505989173	399.76585877862595	1.0	1.0	1.550372387818E12	0.0	0.24702801158641116	0.4291786351049308
11.949997098312815	1.5617608911268785	1.22087434195468	0.796368352788587	399.74295801526716	1.0	1.0	1.550372389584E12	0.0	0.24624668524526647	0.4272607212067092
11.952515288001175	1.5608453498130768	1.220263981078812	0.7981994354161905	399.7315076335878	1.0	1.0	1.550372391365E12	0.0	0.24616035212511791	0.42446400696127734
11.955003445535073	1.5605401693751428	1.2193484397650103	0.7994201571679262	399.90708015267177	1.0	1.0	1.550372393118E12	0.0	0.2467153734315506	0.42218526796624145
11.95749265377805	1.560234988937209	1.2196536202029442	0.800335698481728	400.52821428571434	1.0	1.0	1.550372394905E12	0.0	0.24626954328498402	0.42129091679562
11.96001404829384	1.560234988937209	1.2193484397650103	0.800335698481728	401.2748809523809	1.0	1.0	1.550372396665E12	0.0	0.24651979353654024	0.4210406665440638
11.962505373097729	1.560234988937209	1.2199588006408781	0.7997253376058602	401.8844047619048	1.0	1.0	1.550372398448E12	0.0	0.24601935564294836	0.4223040264658869
11.964997750608239	1.5580987258716714	1.2187380788891424	0.7975890745403227	402.0444047619048	1.0	1.0	1.550372400218E12	0.0	0.2456503506381495	0.4239777202044655
11.96749118148957	1.5574883649958036	1.2184328984512085	0.796063172350653	402.01773809523814	1.0	1.0	1.550372401985E12	0.0	0.24550897775438607	0.4256422576267186
11.969985666406494	1.5593194476234071	1.2196536202029442	0.7954528114747852	401.99107142857144	1.0	1.0	1.550372403765E12	0.0	0.24568257398619048	0.4274106528579116
11.97251240694665	1.5565728236820018	1.2178225375753406	0.7936217288471816	401.9567857142858	1.0	1.0	1.550372405518E12	0.0	0.24542203780651048	0.4282128021029348
11.975009015127574	1.5532158388647286	1.2150759136339353	0.792095826657512	401.92630952380955	1.0	1.0	1.550372407319E12	0.0	0.24552096119489547	0.4278794564302143
11.977506679350068	1.5568780041199357	1.2187380788891424	0.7939269092851156	401.8882142857143	1.0	1.0	1.550372409118E12	0.0	0.2448665747579167	0.4285798376270838
11.980005400281142	1.5547417410543982	1.2178225375753406	0.7936217288471816	401.8729761904762	1.0	1.0	1.550372410887E12	0.0	0.24424499009827694	0.4282128021029348
11.982505178588372	1.5535210193026625	1.2169069962615389	0.7933165484092477	401.8577380952381	1.0	1.0	1.550372412666E12	0.0	0.2442115894541509	0.42784534926932805
11.985006014939895	1.5526054779888607	1.215991454947737	0.7927061875333798	401.8386904761905	1.0	1.0	1.550372414435E12	0.0	0.2443747169130481	0.42786238986441877
11.987507910004412	1.551079575799191	1.2150759136339353	0.7924010070954459	401.80821428571426	1.0	1.0	1.550372416203E12	0.0	0.24414463380500265	0.4274942484131243
11.99001086445118	1.5486381322957197	1.2129396505683978	0.7914854657816441	401.7739285714286	1.0	1.0	1.550372417986E12	0.0	0.24432904387570603	0.4268906392217109
11.992514878950027	1.5382619974059661	1.2046997787441818	0.7884336614023049	401.7472619047619	1.0	1.0	1.550372419749E12	0.0	0.24442281636419963	0.42393739840255634
11.994988634181698	1.5336842908369572	1.2016479743648425	0.7881284809643709	401.7282142857143	1.0	1.0	1.550372421518E12	0.0	0.24397894733090653	0.4217880821400934
11.997494757524889	1.5324635690852215	1.2004272526131068	0.7890440222781727	401.70154761904763	1.0	1.0	1.550372423285E12	0.0	0.24419907906409696	0.4196107019330194
12.000001942924639	1.543450064850843	1.2092774853131907	0.7954528114747852	401.67869047619047	1.0	1.0	1.550372425066E12	0.0	0.24399715085636497	0.4188668139773739
12.002510191053029	1.5440604257267108	1.2104982070649264	0.7988097962920584	401.65583333333336	1.0	1.0	1.550372426836E12	0.0	0.24338357042775755	0.41566442999736425
12.004988129622657	1.543144884412909	1.2095826657511246	0.8018616006713977	401.6405952380953	1.0	1.0	1.550372428604E12	0.0	0.24354707106501508	0.41109464952610286
12.007498491921757	1.5419241626611733	1.2092774853131907	0.8052185854886709	401.5986904761904	1.0	1.0	1.550372430366E12	0.0	0.24300803109224045	0.40666456533981205
12.010009918960725	1.5416189822232393	1.2089723048752568	0.8091859311818119	401.5720238095238	1.0	1.0	1.550372432149E12	0.0	0.24306248746249093	0.40149722382811043
12.012490998679887	1.5400930800335697	1.2086671244373228	0.813153276874953	401.54154761904766	1.0	1.0	1.550372433921E12	0.0	0.24232465377458037	0.39635385716749594
12.015004543891928	1.5376516365300983	1.2065308613717853	0.8158999008163583	401.52250000000004	1.0	1.0	1.550372435719E12	0.0	0.24250715620947594	0.39121278712219404
12.017487716623894	1.5358205539024947	1.2046997787441818	0.8183413443198297	401.4996428571428	1.0	1.0	1.550372437505E12	0.0	0.24283441138414988	0.38670612770681595
12.020003382677263	1.5355153734645608	1.2043945983062478	0.8207827878233012	401.4767857142857	1.0	1.0	1.550372439266E12	0.0	0.24288904022493132	0.38347380743515846
12.022488651059154	1.534905012588693	1.2050049591821157	0.8223086900129708	401.4463095238095	1.0	1.0	1.550372441036E12	0.0	0.24198481563675786	0.3821231015640829
12.025006440626594	1.5330739299610894	1.204089417868314	0.8229190508888387	401.41964285714283	1.0	1.0	1.550372442819E12	0.0	0.24155121294127976	0.38062105318380657
12.027493807299956	1.5309376668955519	1.2028686961165782	0.8226138704509047	401.3929761904762	1.0	1.0	1.550372444604E12	0.0	0.24117111786570508	0.37997764560823816
12.0300137230587	1.5288014038300144	1.2010376134889746	0.821698329137103	401.35107142857146	1.0	1.0	1.550372446386E12	0.0	0.2412981711168134	0.37956780855195993
12.032503190669525	1.53002212558175	1.2013427939269086	0.821393148699169	401.32821428571424	1.0	1.0	1.550372448166E12	0.0	0.24184227033945863	0.3801933446235085
12.034993703127677	1.5288014038300144	1.2007324330510407	0.8207827878233012	401.2977380952381	1.0	1.0	1.550372449938E12	0.0	0.24155230072428022	0.3804285062617394
12.037485261088001	1.5275806820782787	1.2004272526131068	0.8198672465094994	401.2748809523809	1.0	1.0	1.550372451748E12	0.0	0.24100769309024167	0.3812903836004196
12.040009423864637	1.5248340581368733	1.1976806286717014	0.8183413443198297	401.2558333333334	1.0	1.0	1.550372453519E12	0.0	0.24149871273497614	0.3808626151438871
12.042503088051056	1.522087434195468	1.1961547264820318	0.817120622568094	401.21773809523813	1.0	1.0	1.550372455304E12	0.0	0.24097068756934265	0.3810805713068716
12.044997799715794	1.5230029755092698	1.1964599069199657	0.8168154421301601	401.1986904761905	1.0	1.0	1.550372457104E12	0.0	0.24131690845566495	0.38170922583753925
12.047493559515907	1.522392614633402	1.1967650873578997	0.8165102616922262	401.1758333333333	1.0	1.0	1.550372458906E12	0.0	0.24066102970084122	0.3823379549013604
12.04999036810898	1.5214770733196001	1.1961547264820318	0.8162050812542923	401.14916666666664	1.0	1.0	1.550372460666E12	0.0	0.24056960464007135	0.38220164765747067
12.052488226153173	1.5202563515678644	1.194934004730296	0.8149843595025565	401.12630952380954	1.0	1.0	1.55037246245E12	0.0	0.24078801529391916	0.3826773144111659
12.054987134307177	1.5193408102540626	1.195544365606164	0.8152895399404905	401.0958333333333	1.0	1.0	1.55037246422E12	0.0	0.23967494559796365	0.38281358283234845
12.05748709323025	1.517814908064393	1.1943236438544282	0.8140688181887548	401.0729761904762	1.0	1.0	1.550372466005E12	0.0	0.2396917033475764	0.383290410068983
12.059988103582192	1.517509727626459	1.1937132829785604	0.8137636377508208	401.05011904761903	1.0	1.0	1.550372467805E12	0.0	0.24000179960299253	0.383154181084477
12.062490166023354	1.5153734645609216	1.1921873807888907	0.813153276874953	401.02726190476193	1.0	1.0	1.550372469605E12	0.0	0.2398721649066148	0.3826254096999606
12.064993281214651	1.5147631036850537	1.1921873807888907	0.813153276874953	400.9967857142857	1.0	1.0	1.550372471367E12	0.0	0.23946930459297813	0.3826254096999606
12.068004751544214	1.513237201495384	1.191271839475089	0.813153276874953	400.9625	1.0	1.0	1.55037247315E12	0.0	0.23922968906583478	0.3818571638235073
12.07098602266725	1.5111009384298466	1.1897459372854193	0.8134584573128869	400.95488095238096	1.0	1.0	1.550372474921E12	0.0	0.23909869721170338	0.3802002064868375
12.074000527026628	1.5107957579919127	1.1894407568474854	0.8134584573128869	400.93202380952386	1.0	1.0	1.550372476706E12	0.0	0.23915325963063833	0.37994366466911444
12.07698480250019	1.509880216678111	1.1891355764095515	0.8137636377508208	400.9053571428572	1.0	1.0	1.550372478506E12	0.0	0.23880368419310577	0.37931196324295735
12.080002345455451	1.5080491340505073	1.1882200350957497	0.8137636377508208	400.890119047619	1.0	1.0	1.550372480305E12	0.0	0.23836043279919827	0.3785417449763825
12.082989629802075	1.5059128709849698	1.1863889524681461	0.8140688181887548	400.85583333333335	1.0	1.0	1.550372482067E12	0.0	0.23848507312457276	0.37662457331157984
12.086010215928455	1.5046921492332341	1.1854734111543443	0.8149843595025565	400.83297619047624	1.0	1.0	1.55037248385E12	0.0	0.23844612738190887	0.37472855461064913
12.089000513679759	1.5037766079194324	1.1854734111543443	0.8168154421301601	400.8025	1.0	1.0	1.550372485619E12	0.0	0.2378374846364004	0.3724843045570382
12.091992311851639	1.5019455252918288	1.1839475089646747	0.8183413443198297	400.7986904761905	1.0	1.0	1.550372487387E12	0.0	0.2379070827352626	0.3693299399110227
12.094985611568422	1.4988937209124895	1.1818112458991372	0.8195620660715655	400.7796428571429	1.0	1.0	1.550372489167E12	0.0	0.2376791008239012	0.36603336294550837
12.098012281637425	1.4827191577019914	1.170519569695582	0.8162050812542923	400.74535714285713	1.0	1.0	1.550372490938E12	0.0	0.2364299438801432	0.3605373574280448
12.101008603825363	1.4824139772640574	1.1708247501335158	0.8189517051956976	400.6920238095238	1.0	1.0	1.550372492721E12	0.0	0.23596340963387588	0.3574385800008351
12.10400643094992	1.4833295185778592	1.1714351110093837	0.821698329137103	400.66535714285715	1.0	1.0	1.550372494487E12	0.0	0.23605964799317106	0.35461153523740824
12.107005764139927	1.497062638284886	1.183031967650873	0.8293278400854511	400.63488095238097	1.0	1.0	1.550372496268E12	0.0	0.23542433994443243	0.35522034466364794
12.110006604525358	1.496757457846952	1.1812008850232694	0.8308537422751208	400.61583333333334	1.0	1.0	1.550372498038E12	0.0	0.23676945335960276	0.35183312183765136
12.113008953237305	1.4949263752193485	1.1799801632715337	0.8317692835889225	400.6005952380952	1.0	1.0	1.550372499821E12	0.0	0.2365793307356073	0.3496978075447533
12.116012811407998	1.4943160143434806	1.1793698023956658	0.8332951857785922	400.56630952380954	1.0	1.0	1.55037250162E12	0.0	0.2366883566139241	0.347347564954716
12.118986200209148	1.4934004730296788	1.178759441519798	0.8354314488441297	400.53964285714284	1.0	1.0	1.550372503421E12	0.0	0.23659315165987385	0.34426954708124347
12.121993064610391	1.4909590295262074	1.1769283588921944	0.8363469901579315	400.52821428571434	1.0	1.0	1.550372505188E12	0.0	0.2365115980103445	0.3416196508878815
12.125001441861789	1.4891279468986038	1.1757076371404587	0.8378728923476011	400.4977380952381	1.0	1.0	1.550372506967E12	0.0	0.2363204673872456	0.33875908047534226
12.128011333100106	1.4879072251468681	1.174792095826657	0.8393987945372707	400.46726190476187	1.0	1.0	1.550372508737E12	0.0	0.23627939355706995	0.3361605564025902
12.130990695247919	1.4854657816433967	1.173876554512855	0.8409246967269404	400.44440476190476	1.0	1.0	1.550372510507E12	0.0	0.23541681434736592	0.33356472957569816
12.13400360173844	1.484550240329595	1.174181734950789	0.84245059891661	400.4139285714286	1.0	1.0	1.550372512288E12	0.0	0.23454034870244858	0.33201176398893384
12.13698594929234	1.483939879453727	1.1735713740749212	0.8430609597924779	400.3872619047619	1.0	1.0	1.55037251405E12	0.0	0.23464907542959387	0.3307675666710991
12.140001875547366	1.4827191577019914	1.1723506523231855	0.8430609597924779	400.36059523809524	1.0	1.0	1.55037251582E12	0.0	0.23486683297180455	0.3297268484816801
12.142987212976102	1.4821087968261235	1.1723506523231855	0.8433661402304118	400.34916666666663	1.0	1.0	1.550372517568E12	0.0	0.2344550985346962	0.32936492303437087
12.146006163516931	1.4805828946364539	1.170214389257648	0.8427557793545439	400.3110714285715	1.0	1.0	1.550372519337E12	0.0	0.23524888726044083	0.32826503786367045
12.148994495298167	1.4781414511329825	1.169909208819714	0.8427557793545439	400.2996428571429	1.0	1.0	1.550372521088E12	0.0	0.23385937586749098	0.3280042136577057
12.151984317919302	1.4735637445639735	1.1653315022507051	0.8406195162890064	400.27678571428567	1.0	1.0	1.550372522889E12	0.0	0.23467818507853433	0.32662173741566647
12.155007805275485	1.476310368505379	1.1677729457541766	0.8421454184786761	400.2425	1.0	1.0	1.550372524688E12	0.0	0.23444751108806197	0.3269010433704187
12.158000628970386	1.475394827191577	1.1680781261921105	0.8421454184786761	400.23488095238093	1.0	1.0	1.550372526451E12	0.0	0.2335658623917639	0.3271623446522816
12.160994946852847	1.4747844663157093	1.1674677653162426	0.8415350576028082	400.1967857142857	1.0	1.0	1.550372528238E12	0.0	0.2336747544105799	0.3273647055442478
12.163990760036986	1.4732585641260396	1.1671625848783087	0.8415350576028082	400.1739285714286	1.0	1.0	1.550372530037E12	0.0	0.23290099554074936	0.32710326763426206
12.16698806963804	1.4726482032501718	1.1671625848783087	0.8412298771648743	400.14345238095234	1.0	1.0	1.550372531788E12	0.0	0.23248661658527056	0.3274659807321812
12.169986876772338	1.4711223010605021	1.1650263218127712	0.8400091554131386	400.1282142857143	1.0	1.0	1.550372533588E12	0.0	0.2332818990116481	0.3270861684959513
12.172987182557325	1.4702067597467003	1.1650263218127712	0.8403143358510725	400.09011904761905	1.0	1.0	1.550372535388E12	0.0	0.23265936319573458	0.3267229283902501
12.175988988111566	1.4644083314259557	1.161364156557564	0.838483253223469	400.06726190476195	1.0	1.0	1.550372537152E12	0.0	0.23185598035023677	0.3257559814296686
12.178992294554734	1.462882429236286	1.1592278934920266	0.8372625314717332	400.0482142857143	1.0	1.0	1.550372538939E12	0.0	0.23265458157377567	0.3253717744442451
12.181997103007609	1.4622720683604182	1.1601434348058284	0.838178072785535	400.0177380952381	1.0	1.0	1.550372540738E12	0.0	0.2314477891153261	0.32506835188581507
12.1850034145921	1.4613565270466164	1.1586175326161587	0.8378728923476011	399.9986832061069	1.0	1.0	1.550372542507E12	0.0	0.2321376203083862	0.32411638193435993
12.18801123043123	1.4604409857328147	1.1583123521782248	0.838483253223469	399.9643320610687	1.0	1.0	1.550372544288E12	0.0	0.23177435817913877	0.3231247471790454
12.1909881853461	1.458609903105211	1.157701991302357	0.8390936140993368	399.9490648854962	1.0	1.0	1.550372546051E12	0.0	0.2310468627256883	0.32186999883025896
12.193998996863092	1.4576943617914093	1.1564812695506212	0.8390936140993368	399.9108969465649	1.0	1.0	1.55037254782E12	0.0	0.2314739764579799	0.3208150073042132
12.197011315998385	1.4583047226672772	1.1567864499885552	0.8409246967269404	399.89562977099234	1.0	1.0	1.550372549589E12	0.0	0.23162875320987628	0.3188990221730674
12.199992729099778	1.458609903105211	1.157396810864423	0.8430609597924779	399.8650954198473	1.0	1.0	1.550372551352E12	0.0	0.23131050628113062	0.31688936539667795
12.203008050614077	1.4555580987258718	1.1555657282368195	0.8436713206683457	399.83456106870227	1.0	1.0	1.550372553132E12	0.0	0.23079936803138593	0.31458232277588855
12.205992436020926	1.458609903105211	1.157701991302357	0.846723125047685	399.8192938931298	1.0	1.0	1.55037255489E12	0.0	0.2310468627256883	0.31281852501217255
12.209010764384702	1.4573891813534754	1.157091630426489	0.8488593881132225	399.7849427480916	1.0	1.0	1.550372556669E12	0.0	0.23073696133380261	0.3097713686256412
12.211998126523804	1.4561684596017397	1.1561760891126873	0.850690470740826	399.76204198473283	1.0	1.0	1.550372558438E12	0.0	0.23069055848588108	0.30682502560305275
12.214986970634639	1.454947737850004	1.1552605477988855	0.8522163729304957	399.7353244274809	1.0	1.0	1.550372560207E12	0.0	0.23064407993121347	0.3042407266000044
12.218009809523355	1.4540321965362022	1.1549553673609516	0.8543526359960332	399.7124236641221	1.0	1.0	1.550372561989E12	0.0	0.23027882203902136	0.301472947960273
12.221001637011115	1.4534218356603343	1.1546501869230177	0.8564888990615707	399.7582251908397	1.0	1.0	1.550372563752E12	0.0	0.23012323330038073	0.2987113517523213
12.223994949779899	1.4537270160982683	1.1546501869230177	0.8583199816891742	400.2158333333333	1.0	1.0	1.550372565538E12	0.0	0.23033318501225833	0.29657573962189954
12.226989748931006	1.4555580987258718	1.1564812695506212	0.8607614251926456	400.91297619047623	1.0	1.0	1.550372567307E12	0.0	0.23000739333317952	0.29531991007205194
12.22998603556681	1.4525062943465326	1.1540398260471498	0.8607614251926456	401.4653571428571	1.0	1.0	1.55037256909E12	0.0	0.23002186439527628	0.29320658211605244
12.232983810790802	1.4561684596017397	1.1567864499885552	0.8641184100099188	402.0634523809524	1.0	1.0	1.55037257089E12	0.0	0.23016278436095042	0.2916913299424978
12.236015684601384	1.455252918287938	1.1564812695506212	0.8650339513237206	402.0215476190476	1.0	1.0	1.550372572689E12	0.0	0.22979770576688388	0.2903685294877244
12.238983831422683	1.4543373769741361	1.1561760891126873	0.8665598535133903	401.98345238095243	1.0	1.0	1.550372574452E12	0.0	0.22943230100625306	0.2883421820539398
12.241986079042988	1.4491493095292594	1.1522087434195463	0.8656443121995885	401.9567857142858	1.0	1.0	1.550372576239E12	0.0	0.22929595443952752	0.28596192647685725
12.244989819676311	1.4518959334706647	1.1543450064850838	0.8680857557030599	401.92630952380955	1.0	1.0	1.550372578039E12	0.0	0.22933715350779418	0.28499786147180783
12.247995054431593	1.4512855725947968	1.153734645609216	0.8696116578927295	401.9072619047619	1.0	1.0	1.550372579808E12	0.0	0.2294455669241162	0.28271273572326927
12.251001784418888	1.4497596704051272	1.153429465171282	0.8711375600823992	401.89202380952383	1.0	1.0	1.550372581589E12	0.0	0.2286581499145734	0.28069502932791657
12.25401001074933	1.4436560616464487	1.149156939040207	0.8705271992065313	401.8653571428572	1.0	1.0	1.550372583389E12	0.0	0.22815025060309319	0.27768485180517477
12.256987012092353	1.442130159456779	1.1482413977264052	0.872053101396201	401.83488095238096	1.0	1.0	1.550372585152E12	0.0	0.22788974537798015	0.2751365133881645
12.259998218152175	1.4409094377050433	1.1467154955367356	0.8729686427100027	401.80821428571426	1.0	1.0	1.55037258694E12	0.0	0.22837270307599494	0.2727574079185452
12.263010923883085	1.4470130464637219	1.1522087434195463	0.8775463492790117	401.7853571428572	1.0	1.0	1.55037258874E12	0.0	0.22782071708030247	0.2723062520896704
12.265009306137062	1.446402685587854	1.1515983825436784	0.8781567101548795	401.7625	1.0	1.0	1.550372590509E12	0.0	0.22792869216817374	0.27108109112888445
12.268516259855714	1.4454871442740522	1.1515983825436784	0.8790722514686813	401.73583333333335	1.0	1.0	1.550372592289E12	0.0	0.22729551359066671	0.2700390625524844
12.271992442720416	1.4454871442740522	1.1515983825436784	0.8796826123445491	401.72059523809526	1.0	1.0	1.550372594052E12	0.0	0.22729551359066671	0.26934497958170805
12.275503444833477	1.4433508812085147	1.1509880216678106	0.8796826123445491	401.690119047619	1.0	1.0	1.550372595822E12	0.0	0.22634668835954022	0.26881482715047056
12.278983641713811	1.4427405203326469	1.1500724803540088	0.8793774319066152	401.6596428571429	1.0	1.0	1.550372597607E12	0.0	0.22671947724908864	0.2683660524068026
12.282498699203881	1.4409094377050433	1.149156939040207	0.8790722514686813	401.63297619047626	1.0	1.0	1.55037259937E12	0.0	0.226245891161718	0.2679167643689677
12.286015796542067	1.4399938963912415	1.1476310368505374	0.8778515297169456	401.61392857142863	1.0	1.0	1.55037260114E12	0.0	0.22693902519493048	0.26797764996310863
12.289502036890891	1.4390783550774398	1.1476310368505374	0.8769359884031438	401.5986904761904	1.0	1.0	1.550372602909E12	0.0	0.22630302771748234	0.26902112831866054
12.292990282594305	1.4375524528877701	1.1467154955367356	0.8766308079652099	401.5758333333333	1.0	1.0	1.55037260469E12	0.0	0.22604021686159345	0.2685711119042178
12.296513471850513	1.4372472724498362	1.1470206759746695	0.876020447089342	401.53773809523807	1.0	1.0	1.550372606489E12	0.0	0.22556180364534884	0.26953371100983115
12.300005752393304	1.4351110093842987	1.144579232471198	0.8744945448996724	401.51869047619044	1.0	1.0	1.550372608239E12	0.0	0.2262051177654951	0.26914630941789797
12.30350004348195	1.434195468070497	1.1442740520332642	0.8747997253376063	401.49583333333334	1.0	1.0	1.550372610039E12	0.0	0.2258336223189127	0.26853072439300574
12.306996346845414	1.4332799267566951	1.1436636911573963	0.8751049057755402	401.4615476190477	1.0	1.0	1.550372611823E12	0.0	0.22572859945781798	0.2676483809732261
12.310494664214643	1.433585107194629	1.1439688715953302	0.8763256275272759	401.43107142857144	1.0	1.0	1.55037261359E12	0.0	0.22567469234450424	0.26652121863876466
12.313994997322558	1.4329747463187612	1.144579232471198	0.8775463492790117	401.40821428571434	1.0	1.0	1.55037261539E12	0.0	0.22471543883497783	0.26566259225588107
12.31749734790409	1.4302281223773559	1.1415274280918588	0.8775463492790117	401.3853571428571	1.0	1.0	1.55037261717E12	0.0	0.22546674287408155	0.26299272015864983
12.32100171769615	1.4305333028152898	1.1427481498435945	0.880292973220417	401.3586904761905	1.0	1.0	1.550372618925E12	0.0	0.224611294589245	0.2609365219924768
12.324508108437644	1.4287022201876862	1.1418326085297927	0.8815136949721527	401.32821428571424	1.0	1.0	1.550372620708E12	0.0	0.22413197085853115	0.258749264299092
12.32801652186947	1.4280918593118184	1.1418326085297927	0.8839551384756241	401.32440476190476	1.0	1.0	1.550372622472E12	0.0	0.2237046660768986	0.2559834889837336
12.33149383293165	1.4274814984359505	1.140611886778057	0.8860914015411616	401.2863095238095	1.0	1.0	1.550372624253E12	0.0	0.2243468404493035	0.2525000328868365
12.335006277851816	1.4259555962462809	1.140306706340123	0.888838025482567	401.25964285714286	1.0	1.0	1.550372626023E12	0.0	0.2235449159593737	0.2491375254963879
12.338487585795725	1.425040054932479	1.1390859845883874	0.8906691081101705	401.24059523809524	1.0	1.0	1.55037262779E12	0.0	0.22397374913642773	0.2460084647694989
12.342004069126048	1.4241245136186773	1.1384756237125195	0.892805371175708	401.21773809523813	1.0	1.0	1.55037262957E12	0.0	0.22386705309423305	0.24307686668327738
12.345489380816048	1.4229037918669416	1.1387808041504535	0.8952468146791794	401.1986904761905	1.0	1.0	1.550372631324E12	0.0	0.22274148738062946	0.24061404820552668
12.349009909494194	1.4222934309910737	1.1378652628366517	0.897077897306783	401.16821428571427	1.0	1.0	1.550372633123E12	0.0	0.2231167305173629	0.237766509141539
12.35249923181037	1.421683070115206	1.1372549019607838	0.8986037994964526	401.14916666666664	1.0	1.0	1.550372634925E12	0.0	0.2232240525687317	0.2355304319371222
12.355990552504426	1.4204623483634702	1.13694972152285	0.9001297016861223	401.12630952380954	1.0	1.0	1.550372636691E12	0.0	0.22263342256276303	0.23356540655065136
12.359483873285969	1.4192416266117345	1.1354238193331803	0.9007400625619901	401.0958333333333	1.0	1.0	1.55037263847E12	0.0	0.22311667284520642	0.2315445521565711
12.363012494281726	1.4180209048599988	1.1351186388952463	0.9019607843137258	401.05773809523816	1.0	1.0	1.55037264024E12	0.0	0.22252499736599854	0.22992140936697114
12.366509839464202	1.417410543984131	1.1348134584573124	0.9031815060654615	401.05392857142857	1.0	1.0	1.550372642009E12	0.0	0.2223633626842212	0.2283000260125743
12.370009189891066	1.416800183108263	1.1351186388952463	0.9050125886930651	401.0044047619048	1.0	1.0	1.55037264379E12	0.0	0.2216637635954654	0.22654359835261392
12.373510547279771	1.4152742809185934	1.1335927367055767	0.905622949568933	400.97773809523807	1.0	1.0	1.550372645554E12	0.0	0.2219313483238303	0.224524232108037
12.377013913349723	1.4143587396047916	1.1332875562676428	0.9071488517586026	400.9586904761905	1.0	1.0	1.550372647324E12	0.0	0.2215534902065368	0.22257147854441348
12.380485895796904	1.4137483787289238	1.1332875562676428	0.9086747539482722	400.93583333333333	1.0	1.0	1.55037264909E12	0.0	0.22112185105016444	0.2208908058798952
12.383993265224213	1.413138017853056	1.132372014953841	0.909590295262074	400.9053571428572	1.0	1.0	1.550372650871E12	0.0	0.22149821520013613	0.21907556675020626
12.387502648486365	1.412832837415122	1.132066834515907	0.9108110170138097	400.8863095238096	1.0	1.0	1.550372652671E12	0.0	0.22155177425852177	0.21746486802087522
12.391014047310628	1.4113069352254524	1.1308461127641714	0.9114213778896776	400.8672619047619	1.0	1.0	1.550372654424E12	0.0	0.22155005460290178	0.2157160692190521
12.39449399280031	1.4106965743495845	1.1311512932021053	0.9126420996414133	400.84059523809526	1.0	1.0	1.550372656224E12	0.0	0.22084764916450608	0.2146474376121619
12.398009408701556	1.4110017547875184	1.1311512932021053	0.913862821393149	400.8253571428571	1.0	1.0	1.550372658024E12	0.0	0.22106395892091957	0.2133107623922566
12.401493336409144	1.4097810330357827	1.1314564736400392	0.9150835431448847	400.794880952381	1.0	1.0	1.550372659809E12	0.0	0.21992867909871333	0.21224563140352196
12.405012776254251	1.4070344090943774	1.1284046692607	0.9147783627069508	400.7605952380953	1.0	1.0	1.550372661591E12	0.0	0.22067939539424167	0.2098783076832849
12.408500692988982	1.404287785152972	1.127794308384832	0.9150835431448847	400.73011904761904	1.0	1.0	1.550372663371E12	0.0	0.21926647405397073	0.2090036996163763
12.411990597236157	1.4064240482185095	1.1290150301365678	0.9169146257724883	400.6958333333333	1.0	1.0	1.550372665123E12	0.0	0.21970474906811396	0.2080865105916222
12.41551607624712	1.4061188677805756	1.1284046692607	0.9175249866483561	400.6767857142857	1.0	1.0	1.550372666892E12	0.0	0.22002849495902407	0.2068803041053307
12.419009979748063	1.4058136873426417	1.1284046692607	0.918135347524224	400.64250000000004	1.0	1.0	1.550372668653E12	0.0	0.21981143396403258	0.20621529992454768
12.422505875858995	1.404592965590906	1.1274891279468982	0.9184405279621579	400.63488095238097	1.0	1.0	1.550372670409E12	0.0	0.2197544068785313	0.20507127524087604
12.426003766277535	1.404592965590906	1.128099488822766	0.9193560692759597	400.6120238095238	1.0	1.0	1.550372672209E12	0.0	0.2192132081100788	0.20461612719824354
12.429503652703215	1.4033722438391703	1.1274891279468982	0.9199664301518276	400.58535714285716	1.0	1.0	1.55037267401E12	0.0	0.21888493611405063	0.20341124829924132
12.433005536837502	1.4018463416495006	1.1262684061951624	0.9196612497138936	400.54726190476185	1.0	1.0	1.550372675771E12	0.0	0.21888031050141468	0.20265975628700747
12.43650942038381	1.4012359807736328	1.1256580453192946	0.9199664301518276	400.52440476190475	1.0	1.0	1.550372677555E12	0.0	0.21898689672922064	0.20178589239489603
12.44001530504748	1.400015259021897	1.1253528648813607	0.9202716105897615	400.5091666666667	1.0	1.0	1.550372679325E12	0.0	0.2183864917147511	0.20118306775703304
12.44348945330663	1.3990997177080953	1.1247425040054928	0.9208819714656293	400.4977380952381	1.0	1.0	1.550372681091E12	0.0	0.21827484686061255	0.1999775276576563
12.4469993260463	1.3984893568322274	1.1244373235675589	0.9217975127794311	400.4558333333334	1.0	1.0	1.550372682872E12	0.0	0.21810986950680672	0.19871245062825738
12.45051120501455	1.3945220111390864	1.1213855191882196	0.9211871519035633	400.42535714285714	1.0	1.0	1.550372684624E12	0.0	0.21798672074333109	0.19665704973244438
12.453991294984185	1.395742732890822	1.1229114213778892	0.9236285954070347	400.39488095238096	1.0	1.0	1.550372686409E12	0.0	0.21750190272976616	0.19537003703491113
12.457507172219051	1.3966582742046239	1.123521782253757	0.9251544975967043	400.36821428571426	1.0	1.0	1.550372688171E12	0.0	0.2176142360160631	0.19426273129698554
12.46099122537685	1.395742732890822	1.1226062409399553	0.9260700389105061	400.3415476190476	1.0	1.0	1.550372689955E12	0.0	0.21777371572410067	0.1924583940964086
